x, u, time
4.003202562049639444e-04,9.939347742704616184e-01,4.958971180201272033e-01
1.200960768614891833e-03,9.915962408031950837e-01,4.958971180201272033e-01
2.001601281024820156e-03,9.888827987820452137e-01,4.958971180201272033e-01
2.802241793434748045e-03,9.857975571899436629e-01,4.958971180201272033e-01
3.602882305844675934e-03,9.823440443996926952e-01,4.958971180201272033e-01
4.403522818254604690e-03,9.785262015720983531e-01,4.958971180201272033e-01
5.204163330664531711e-03,9.743483751149886185e-01,4.958971180201272033e-01
6.004803843074460468e-03,9.698153083131829666e-01,4.958971180201272033e-01
6.805444355484387489e-03,9.649321322300400405e-01,4.958971180201272033e-01
7.606084867894316245e-03,9.597043559491085229e-01,4.958971180201272033e-01
8.406725380304245002e-03,9.541378561900326627e-01,4.958971180201272033e-01
9.207365892714172023e-03,9.482388663114463823e-01,4.958971180201272033e-01
1.000800640512410078e-02,9.420139647079567302e-01,4.958971180201272033e-01
1.080864691753402780e-02,9.354700626137352204e-01,4.958971180201272033e-01
1.160928742994395656e-02,9.286143913358803070e-01,4.958971180201272033e-01
1.240992794235388358e-02,9.214544889505715819e-01,4.958971180201272033e-01
1.321056845476381233e-02,9.139981865003141692e-01,4.958971180201272033e-01
1.401120896717374109e-02,9.062535937323559221e-01,4.958971180201272033e-01
1.481184947958366811e-02,8.982290844176442635e-01,4.958971180201272033e-01
1.561248999199359687e-02,8.899332812884336308e-01,4.958971180201272033e-01
1.641313050440352389e-02,8.813750406314948549e-01,4.958971180201272033e-01
1.721377101681344918e-02,8.725634365744086018e-01,4.958971180201272033e-01
1.801441152922337793e-02,8.635077451029726792e-01,4.958971180201272033e-01
1.881505204163330669e-02,8.542174278486446282e-01,4.958971180201272033e-01
1.961569255404323545e-02,8.447021156855482049e-01,4.958971180201272033e-01
2.041633306645316420e-02,8.349715921770262117e-01,4.958971180201272033e-01
2.121697357886308949e-02,8.250357769115453932e-01,4.958971180201272033e-01
2.201761409127301825e-02,8.149047087672911527e-01,4.958971180201272033e-01
2.281825460368294700e-02,8.045885291449990095e-01,4.958971180201272033e-01
2.361889511609287576e-02,7.940974652075939444e-01,4.958971180201272033e-01
2.441953562850280104e-02,7.834418131649342198e-01,4.958971180201272033e-01
2.522017614091272980e-02,7.726319216413288782e-01,4.958971180201272033e-01
2.602081665332265856e-02,7.616781751629411179e-01,4.958971180201272033e-01
2.682145716573258731e-02,7.505909778013868383e-01,4.958971180201272033e-01
2.762209767814251607e-02,7.393807370086922237e-01,4.958971180201272033e-01
2.842273819055244136e-02,7.280578476780463770e-01,4.958971180201272033e-01
2.922337870296237011e-02,7.166326764635211344e-01,4.958971180201272033e-01
3.002401921537229887e-02,7.051155463907388121e-01,4.958971180201272033e-01
3.082465972778222763e-02,6.935167217893849489e-01,4.958971180201272033e-01
3.162530024019215291e-02,6.818463935768607209e-01,4.958971180201272033e-01
3.242594075260208514e-02,6.701146649211726647e-01,4.958971180201272033e-01
3.322658126501201042e-02,6.583315373096874090e-01,4.958971180201272033e-01
3.402722177742193571e-02,6.465068970486117506e-01,4.958971180201272033e-01
3.482786228983186794e-02,6.346505022167548971e-01,4.958971180201272033e-01
3.562850280224179322e-02,6.227719700955550719e-01,4.958971180201272033e-01
3.642914331465172545e-02,6.108807650953642643e-01,4.958971180201272033e-01
3.722978382706165074e-02,5.989861871965305173e-01,4.958971180201272033e-01
3.803042433947157602e-02,5.870973609220178080e-01,4.958971180201272033e-01
3.883106485188150825e-02,5.752232248567907824e-01,4.958971180201272033e-01
3.963170536429143354e-02,5.633725217270288965e-01,4.958971180201272033e-01
4.043234587670136576e-02,5.515537890508728225e-01,4.958971180201272033e-01
4.123298638911129105e-02,5.397753503704162403e-01,4.958971180201272033e-01
4.203362690152121633e-02,5.280453070730413145e-01,4.958971180201272033e-01
4.283426741393114856e-02,5.163715308084129152e-01,4.958971180201272033e-01
4.363490792634107385e-02,5.047616565055637050e-01,4.958971180201272033e-01
4.443554843875099913e-02,4.932230759931900965e-01,4.958971180201272033e-01
4.523618895116093136e-02,4.817629322241686607e-01,4.958971180201272033e-01
4.603682946357085665e-02,4.703881141041264535e-01,4.958971180201272033e-01
4.683746997598078887e-02,4.591052519218124517e-01,4.958971180201272033e-01
4.763811048839071416e-02,4.479207133777987071e-01,4.958971180201272033e-01
4.843875100080063945e-02,4.368406002065238214e-01,4.958971180201272033e-01
4.923939151321057167e-02,4.258707453849855384e-01,4.958971180201272033e-01
5.004003202562049696e-02,4.150167109202778093e-01,4.958971180201272033e-01
5.084067253803042918e-02,4.042837862066750998e-01,4.958971180201272033e-01
5.164131305044035447e-02,3.936769869416290590e-01,4.958971180201272033e-01
5.244195356285027976e-02,3.832010545890294773e-01,4.958971180201272033e-01
5.324259407526021198e-02,3.728604563766961255e-01,4.958971180201272033e-01
5.404323458767013727e-02,3.626593858141390903e-01,4.958971180201272033e-01
5.484387510008006950e-02,3.526017637155773321e-01,4.958971180201272033e-01
5.564451561248999478e-02,3.426912397122126586e-01,4.958971180201272033e-01
5.644515612489992007e-02,3.329311942369811983e-01,4.958971180201272033e-01
5.724579663730985229e-02,3.233247409641489267e-01,4.958971180201272033e-01
5.804643714971977758e-02,3.138747296853897084e-01,4.958971180201272033e-01
5.884707766212970981e-02,3.045837496034675684e-01,4.958971180201272033e-01
5.964771817453963509e-02,2.954541330238638630e-01,4.958971180201272033e-01
6.044835868694956038e-02,2.864879594244570948e-01,4.958971180201272033e-01
6.124899919935949261e-02,2.776870598827058667e-01,4.958971180201272033e-01
6.204963971176941789e-02,2.690530218396526840e-01,4.958971180201272033e-01
6.285028022417935012e-02,2.605871941796333302e-01,4.958971180201272033e-01
6.365092073658927541e-02,2.522906926045369036e-01,4.958971180201272033e-01
6.445156124899921457e-02,2.441644052811765275e-01,4.958971180201272033e-01
6.525220176140913986e-02,2.362089987404057123e-01,4.958971180201272033e-01
6.605284227381906514e-02,2.284249240065927555e-01,4.958971180201272033e-01
6.685348278622899043e-02,2.208124229360578783e-01,4.958971180201272033e-01
6.765412329863891572e-02,2.133715347433382814e-01,4.958971180201272033e-01
6.845476381104885488e-02,2.061021026942901069e-01,4.958971180201272033e-01
6.925540432345878017e-02,1.990037809452627759e-01,4.958971180201272033e-01
7.005604483586870546e-02,1.920760415079257044e-01,4.958971180201272033e-01
7.085668534827863074e-02,1.853181813196631555e-01,4.958971180201272033e-01
7.165732586068855603e-02,1.787293293998920840e-01,4.958971180201272033e-01
7.245796637309849519e-02,1.723084540731020797e-01,4.958971180201272033e-01
7.325860688550842048e-02,1.660543702399045196e-01,4.958971180201272033e-01
7.405924739791834577e-02,1.599657466778625081e-01,4.958971180201272033e-01
7.485988791032827105e-02,1.540411133545291078e-01,4.958971180201272033e-01
7.566052842273819634e-02,1.482788687357269874e-01,4.958971180201272033e-01
7.646116893514813551e-02,1.426772870726354392e-01,4.958971180201272033e-01
7.726180944755806079e-02,1.372345256519809376e-01,4.958971180201272033e-01
7.806244995996798608e-02,1.319486319943699859e-01,4.958971180201272033e-01
7.886309047237791137e-02,1.268175509863426198e-01,4.958971180201272033e-01
7.966373098478783665e-02,1.218391319325990846e-01,4.958971180201272033e-01
8.046437149719777582e-02,1.170111355154880711e-01,4.958971180201272033e-01
8.126501200960770110e-02,1.123312406496425192e-01,4.958971180201272033e-01
8.206565252201762639e-02,1.077970512203753617e-01,4.958971180201272033e-01
8.286629303442755168e-02,1.034061026951973439e-01,4.958971180201272033e-01
8.366693354683747696e-02,9.915586859858943614e-02,4.958971180201272033e-01
8.446757405924741613e-02,9.504376684092721850e-02,4.958971180201272033e-01
8.526821457165734142e-02,9.106716589318862576e-02,4.958971180201272033e-01
8.606885508406726670e-02,8.722339079983730536e-02,4.958971180201272033e-01
8.686949559647719199e-02,8.350972902298954559e-02,4.958971180201272033e-01
8.767013610888711728e-02,7.992343611176512541e-02,4.958971180201272033e-01
8.847077662129704256e-02,7.646174119136188441e-02,4.958971180201272033e-01
8.927141713370698173e-02,7.312185226717257680e-02,4.958971180201272033e-01
9.007205764611690701e-02,6.990096133987934446e-02,4.958971180201272033e-01
9.087269815852683230e-02,6.679624932818166438e-02,4.958971180201272033e-01
9.167333867093675759e-02,6.380489079646634032e-02,4.958971180201272033e-01
9.247397918334668288e-02,6.092405848534137441e-02,4.958971180201272033e-01
9.327461969575662204e-02,5.815092764355458965e-02,4.958971180201272033e-01
9.407526020816654733e-02,5.548268016043533118e-02,4.958971180201272033e-01
9.487590072057647261e-02,5.291650849855131233e-02,4.958971180201272033e-01
9.567654123298639790e-02,5.044961942680439848e-02,4.958971180201272033e-01
9.647718174539632319e-02,4.807923755470968480e-02,4.958971180201272033e-01
9.727782225780626235e-02,4.580260866908510836e-02,4.958971180201272033e-01
9.807846277021618764e-02,4.361700287485668209e-02,4.958971180201272033e-01
9.887910328262611293e-02,4.151971754208979432e-02,4.958971180201272033e-01
9.967974379503603821e-02,3.950808006180898946e-02,4.958971180201272033e-01
1.004803843074459635e-01,3.757945041351036519e-02,4.958971180201272033e-01
1.012810248198559027e-01,3.573122354764764891e-02,4.958971180201272033e-01
1.020816653322658280e-01,3.396083158669553625e-02,4.958971180201272033e-01
1.028823058446757532e-01,3.226574584869095624e-02,4.958971180201272033e-01
1.036829463570856785e-01,3.064347869743901803e-02,4.958971180201272033e-01
1.044835868694956038e-01,2.909158522380891204e-02,4.958971180201272033e-01
1.052842273819055430e-01,2.760766476276867512e-02,4.958971180201272033e-01
1.060848678943154683e-01,2.618936225101009541e-02,4.958971180201272033e-01
1.068855084067253935e-01,2.483436943018201004e-02,4.958971180201272033e-01
1.076861489191353188e-01,2.354042590090570444e-02,4.958971180201272033e-01
1.084867894315452441e-01,2.230532003286365625e-02,4.958971180201272033e-01
1.092874299439551833e-01,2.112688973635945197e-02,4.958971180201272033e-01
1.100880704563651086e-01,2.000302310083327401e-02,4.958971180201272033e-01
1.108887109687750339e-01,1.893165890586459219e-02,4.958971180201272033e-01
1.116893514811849591e-01,1.791078701024944111e-02,4.958971180201272033e-01
1.124899919935948844e-01,1.693844862475144680e-02,4.958971180201272033e-01
1.132906325060048236e-01,1.601273647414078183e-02,4.958971180201272033e-01
1.140912730184147489e-01,1.513179485411127873e-02,4.958971180201272033e-01
1.148919135308246742e-01,1.429381958865623588e-02,4.958971180201272033e-01
1.156925540432345995e-01,1.349705789342616272e-02,4.958971180201272033e-01
1.164931945556445247e-01,1.273980815054897263e-02,4.958971180201272033e-01
1.172938350680544639e-01,1.202041960031774957e-02,4.958971180201272033e-01
1.180944755804643892e-01,1.133729195507690926e-02,4.958971180201272033e-01
1.188951160928743145e-01,1.068887494053728272e-02,4.958971180201272033e-01
1.196957566052842398e-01,1.007366776965718490e-02,4.958971180201272033e-01
1.204963971176941651e-01,9.490218554104427190e-03,4.958971180201272033e-01
1.212970376301040903e-01,8.937123658198160847e-03,4.958971180201272033e-01
1.220976781425140295e-01,8.413027000092379235e-03,4.958971180201272033e-01
1.228983186549239548e-01,7.916619304830674331e-03,4.958971180201272033e-01
1.236989591673338801e-01,7.446637313752730268e-03,4.958971180201272033e-01
1.244995996797438054e-01,7.001862954584877480e-03,4.958971180201272033e-01
1.253002401921537168e-01,6.581122476394037947e-03,4.958971180201272033e-01
1.261008807045636559e-01,6.183285553423885014e-03,4.958971180201272033e-01
1.269015212169735674e-01,5.807264361677785293e-03,4.958971180201272033e-01
1.277021617293835065e-01,5.452012631947480460e-03,4.958971180201272033e-01
1.285028022417934457e-01,5.116524682826198260e-03,4.958971180201272033e-01
1.293034427542033571e-01,4.799834437082791186e-03,4.958971180201272033e-01
1.301040832666132963e-01,4.501014424608704330e-03,4.958971180201272033e-01
1.309047237790232077e-01,4.219174774990994137e-03,4.958971180201272033e-01
1.317053642914331468e-01,3.953462202600998079e-03,4.958971180201272033e-01
1.325060048038430860e-01,3.703058986930221098e-03,4.958971180201272033e-01
1.333066453162529974e-01,3.467181950746987817e-03,4.958971180201272033e-01
1.341072858286629366e-01,3.245081438492143124e-03,4.958971180201272033e-01
1.349079263410728480e-01,3.036040297178097501e-03,4.958971180201272033e-01
1.357085668534827871e-01,2.839372861907816549e-03,4.958971180201272033e-01
1.365092073658927263e-01,2.654423947980493088e-03,4.958971180201272033e-01
1.373098478783026377e-01,2.480567851410020973e-03,4.958971180201272033e-01
1.381104883907125769e-01,2.317207359541229635e-03,4.958971180201272033e-01
1.389111289031224883e-01,2.163772773313364737e-03,4.958971180201272033e-01
1.397117694155324275e-01,2.019720942589268379e-03,4.958971180201272033e-01
1.405124099279423666e-01,1.884534315841479481e-03,4.958971180201272033e-01
1.413130504403522780e-01,1.757720005363913682e-03,4.958971180201272033e-01
1.421136909527622172e-01,1.638808869059685388e-03,4.958971180201272033e-01
1.429143314651721286e-01,1.527354609742231180e-03,4.958971180201272033e-01
1.437149719775820678e-01,1.422932892778928276e-03,4.958971180201272033e-01
1.445156124899920069e-01,1.325140482802599374e-03,4.958971180201272033e-01
1.453162530024019183e-01,1.233594400117171133e-03,4.958971180201272033e-01
1.461168935148118575e-01,1.147931097330257390e-03,4.958971180201272033e-01
1.469175340272217689e-01,1.067805656656196662e-03,4.958971180201272033e-01
1.477181745396317081e-01,9.928910082489374265e-04,4.958971180201272033e-01
1.485188150520416472e-01,9.228771698442979213e-04,4.958971180201272033e-01
1.493194555644515586e-01,8.574705079168272372e-04,4.958971180201272033e-01
1.501200960768614978e-01,7.963930204858012639e-04,4.958971180201272033e-01
1.509207365892714092e-01,7.393816416395133321e-04,4.958971180201272033e-01
1.517213771016813484e-01,6.861875677858342943e-04,4.958971180201272033e-01
1.525220176140912876e-01,6.365756055796763669e-04,4.958971180201272033e-01
1.533226581265011990e-01,5.903235414256688580e-04,4.958971180201272033e-01
1.541232986389111381e-01,5.472215324055829154e-04,4.958971180201272033e-01
1.549239391513210495e-01,5.070715184352797295e-04,4.958971180201272033e-01
1.557245796637309887e-01,4.696866554151855324e-04,4.958971180201272033e-01
1.565252201761409279e-01,4.348907691008744637e-04,4.958971180201272033e-01
1.573258606885508393e-01,4.025178293868842262e-04,4.958971180201272033e-01
1.581265012009607784e-01,3.724114446663039503e-04,4.958971180201272033e-01
1.589271417133706898e-01,3.444243759019359561e-04,4.958971180201272033e-01
1.597277822257806290e-01,3.184180700204884847e-04,4.958971180201272033e-01
1.605284227381905682e-01,2.942622122204569695e-04,4.958971180201272033e-01
1.613290632506004796e-01,2.718342967659021490e-04,4.958971180201272033e-01
1.621297037630104187e-01,2.510192158228180623e-04,4.958971180201272033e-01
1.629303442754203302e-01,2.317088658816085587e-04,4.958971180201272033e-01
1.637309847878302693e-01,2.138017712983133665e-04,4.958971180201272033e-01
1.645316253002402085e-01,1.972027244787340303e-04,4.958971180201272033e-01
1.653322658126501199e-01,1.818224422230504370e-04,4.958971180201272033e-01
1.661329063250600591e-01,1.675772377438769923e-04,4.958971180201272033e-01
1.669335468374699705e-01,1.543887078679884953e-04,4.958971180201272033e-01
1.677341873498799096e-01,1.421834349306998441e-04,4.958971180201272033e-01
1.685348278622898488e-01,1.308927028723569624e-04,4.958971180201272033e-01
1.693354683746997602e-01,1.204522270482208325e-04,4.958971180201272033e-01
1.701361088871096994e-01,1.108018972660611994e-04,4.958971180201272033e-01
1.709367493995196108e-01,1.018855335701613116e-04,4.958971180201272033e-01
1.717373899119295499e-01,9.365065429575234325e-05,4.958971180201272033e-01
1.725380304243394614e-01,8.604825592432982419e-05,4.958971180201272033e-01
1.733386709367494005e-01,7.903260427747438386e-05,4.958971180201272033e-01
1.741393114491593397e-01,7.256103659483687353e-05,4.958971180201272033e-01
1.749399519615692511e-01,6.659377405065028139e-05,4.958971180201272033e-01
1.757405924739791903e-01,6.109374427246739333e-05,4.958971180201272033e-01
1.765412329863891017e-01,5.602641343562863652e-05,4.958971180201272033e-01
1.773418734987990408e-01,5.135962751728221032e-05,4.958971180201272033e-01
1.781425140112089800e-01,4.706346230446388919e-05,4.958971180201272033e-01
1.789431545236188914e-01,4.311008176169302985e-05,4.958971180201272033e-01
1.797437950360288306e-01,3.947360437481941642e-05,4.958971180201272033e-01
1.805444355484387420e-01,3.612997709925429594e-05,4.958971180201272033e-01
1.813450760608486811e-01,3.305685655231710814e-05,4.958971180201272033e-01
1.821457165732586203e-01,3.023349710106636827e-05,4.958971180201272033e-01
1.829463570856685317e-01,2.764064550869780736e-05,4.958971180201272033e-01
1.837469975980784709e-01,2.526044181429592522e-05,4.958971180201272033e-01
1.845476381104883823e-01,2.307632613238418107e-05,4.958971180201272033e-01
1.853482786228983215e-01,2.107295107030880899e-05,4.958971180201272033e-01
1.861489191353082606e-01,1.923609947299132684e-05,4.958971180201272033e-01
1.869495596477181720e-01,1.755260721591131841e-05,4.958971180201272033e-01
1.877502001601281112e-01,1.601029077839653006e-05,4.958971180201272033e-01
1.885508406725380226e-01,1.459787934028939690e-05,4.958971180201272033e-01
1.893514811849479618e-01,1.330495115586312534e-05,4.958971180201272033e-01
1.901521216973579009e-01,1.212187396944654121e-05,4.958971180201272033e-01
1.909527622097678123e-01,1.103974924755685044e-05,4.958971180201272033e-01
1.917534027221777515e-01,1.005036001243220253e-05,4.958971180201272033e-01
1.925540432345876629e-01,9.146122071689899547e-06,4.958971180201272033e-01
1.933546837469976021e-01,8.320038448390941799e-06,4.958971180201272033e-01
1.941553242594075412e-01,7.565656825075536514e-06,4.958971180201272033e-01
1.949559647718174527e-01,6.877029824329741617e-06,4.958971180201272033e-01
1.957566052842273918e-01,6.248677957155209015e-06,4.958971180201272033e-01
1.965572457966373032e-01,5.675555078824973900e-06,4.958971180201272033e-01
1.973578863090472424e-01,5.153016200035538056e-06,4.958971180201272033e-01
1.981585268214571816e-01,4.676787508999812126e-06,4.958971180201272033e-01
1.989591673338670930e-01,4.242938467659717916e-06,4.958971180201272033e-01
1.997598078462770321e-01,3.847855852448942266e-06,4.958971180201272033e-01
2.005604483586869435e-01,3.488219616998276523e-06,4.958971180201272033e-01
2.013610888710968827e-01,3.160980460853530273e-06,4.958971180201272033e-01
2.021617293835068219e-01,2.863338994673143826e-06,4.958971180201272033e-01
2.029623698959167333e-01,2.592726398497817370e-06,4.958971180201272033e-01
2.037630104083266724e-01,2.346786475537557903e-06,4.958971180201272033e-01
2.045636509207365838e-01,2.123359009513530382e-06,4.958971180201272033e-01
2.053642914331465230e-01,1.920464338924130831e-06,4.958971180201272033e-01
2.061649319455564622e-01,1.736289066689903404e-06,4.958971180201272033e-01
2.069655724579663736e-01,1.569172828471122111e-06,4.958971180201272033e-01
2.077662129703763128e-01,1.417596047555937947e-06,4.958971180201272033e-01
2.085668534827862242e-01,1.280168608591893800e-06,4.958971180201272033e-01
2.093674939951961633e-01,1.155619386587307040e-06,4.958971180201272033e-01
2.101681345076061025e-01,1.042786571548912592e-06,4.958971180201272033e-01
2.109687750200160139e-01,9.406087328562077528e-07,4.958971180201272033e-01
2.117694155324259531e-01,8.481165710078802146e-07,4.958971180201272033e-01
2.125700560448358645e-01,7.644253077205327517e-07,4.958971180201272033e-01
2.133706965572458036e-01,6.887276685211187681e-07,4.958971180201272033e-01
2.141713370696557428e-01,6.202874149602682231e-07,4.958971180201272033e-01
2.149719775820656542e-01,5.584333863909643678e-07,4.958971180201272033e-01
2.157726180944755934e-01,5.025540139135176310e-07,4.958971180201272033e-01
2.165732586068855048e-01,4.520922715904281272e-07,4.958971180201272033e-01
2.173738991192954439e-01,4.065410323905670748e-07,4.958971180201272033e-01
2.181745396317053831e-01,3.654387985383092929e-07,4.958971180201272033e-01
2.189751801441152945e-01,3.283657780260095817e-07,4.958971180201272033e-01
2.197758206565252337e-01,2.949402810043583878e-07,4.958971180201272033e-01
2.205764611689351451e-01,2.648154116010276211e-07,4.958971180201272033e-01
2.213771016813450843e-01,2.376760324396199469e-07,4.958971180201272033e-01
2.221777421937550234e-01,2.132359807441053396e-07,4.958971180201272033e-01
2.229783827061649348e-01,1.912355164246589065e-07,4.958971180201272033e-01
2.237790232185748740e-01,1.714389839543167857e-07,4.958971180201272033e-01
2.245796637309847854e-01,1.536326711676006699e-07,4.958971180201272033e-01
2.253803042433947246e-01,1.376228493472936685e-07,4.958971180201272033e-01
2.261809447558046637e-01,1.232339801187250187e-07,4.958971180201272033e-01
2.269815852682145751e-01,1.103070757469375456e-07,4.958971180201272033e-01
2.277822257806245143e-01,9.869820043541560470e-08,4.958971180201272033e-01
2.285828662930344257e-01,8.827710115999187058e-08,4.958971180201272033e-01
2.293835068054443649e-01,7.892595744210976432e-08,4.958971180201272033e-01
2.301841473178543040e-01,7.053824027573854273e-08,4.958971180201272033e-01
2.309847878302642155e-01,6.301767117559217980e-08,4.958971180201272033e-01
2.317854283426741546e-01,5.627727301443714648e-08,4.958971180201272033e-01
2.325860688550840660e-01,5.023850496746294501e-08,4.958971180201272033e-01
2.333867093674940052e-01,4.483047448520607240e-08,4.958971180201272033e-01
2.341873498799039444e-01,3.998921977622363515e-08,4.958971180201272033e-01
2.349879903923138558e-01,3.565705679954868811e-08,4.958971180201272033e-01
2.357886309047237949e-01,3.178198524761424476e-08,4.958971180201272033e-01
2.365892714171337063e-01,2.831714844522681041e-08,4.958971180201272033e-01
2.373899119295436455e-01,2.522034250185067286e-08,4.958971180201272033e-01
2.381905524419535847e-01,2.245357043505466280e-08,4.958971180201272033e-01
2.389911929543634961e-01,1.998263733468242199e-08,4.958971180201272033e-01
2.397918334667734352e-01,1.777678296207687046e-08,4.958971180201272033e-01
2.405924739791833467e-01,1.580834847843747129e-08,4.958971180201272033e-01
2.413931144915932858e-01,1.405247427284569008e-08,4.958971180201272033e-01
2.421937550040031972e-01,1.248682611534274658e-08,4.958971180201272033e-01
2.429943955164131364e-01,1.109134709520606449e-08,4.958971180201272033e-01
2.437950360288230756e-01,9.848033020723548292e-09,4.958971180201272033e-01
2.445956765412329870e-01,8.740729155650279691e-09,4.958971180201272033e-01
2.453963170536429261e-01,7.754946350432095226e-09,4.958971180201272033e-01
2.461969575660528375e-01,6.877694794369085375e-09,4.958971180201272033e-01
2.469975980784627767e-01,6.097333769297236572e-09,4.958971180201272033e-01
2.477982385908727159e-01,5.403435927100542499e-09,4.958971180201272033e-01
2.485988791032826273e-01,4.786664743402561244e-09,4.958971180201272033e-01
2.493995196156925664e-01,4.238663919027879157e-09,4.958971180201272033e-01
2.502001601281024779e-01,3.751957610090940072e-09,4.958971180201272033e-01
2.510008006405124448e-01,3.319860467651884438e-09,4.958971180201272033e-01
2.518014411529223562e-01,2.936396559488790276e-09,4.958971180201272033e-01
2.526020816653322676e-01,2.596226330347021527e-09,4.958971180201272033e-01
2.534027221777421790e-01,2.294580833657634601e-09,4.958971180201272033e-01
2.542033626901521459e-01,2.027202537746290517e-09,4.958971180201272033e-01
2.550040032025620573e-01,1.790292073512392046e-09,4.958971180201272033e-01
2.558046437149719687e-01,1.580460348942279650e-09,4.958971180201272033e-01
2.566052842273819357e-01,1.394685509083040021e-09,4.958971180201272033e-01
2.574059247397918471e-01,1.230274268670703931e-09,4.958971180201272033e-01
2.582065652522017585e-01,1.084827188865937406e-09,4.958971180201272033e-01
2.590072057646117254e-01,9.562075098626872137e-10,4.958971180201272033e-01
2.598078462770216368e-01,8.425131878326307296e-10,4.958971180201272033e-01
2.606084867894315482e-01,7.420518180565311663e-10,4.958971180201272033e-01
2.614091273018414596e-01,6.533181564548932639e-10,4.958971180201272033e-01
2.622097678142514265e-01,5.749739793242244358e-10,4.958971180201272033e-01
2.630104083266613380e-01,5.058300461505987128e-10,4.958971180201272033e-01
2.638110488390712494e-01,4.448299531284587409e-10,4.958971180201272033e-01
2.646116893514812163e-01,3.910356856617592611e-10,4.958971180201272033e-01
2.654123298638911277e-01,3.436146968513466292e-10,4.958971180201272033e-01
2.662129703763010391e-01,3.018283559472852665e-10,4.958971180201272033e-01
2.670136108887110060e-01,2.650216261233584024e-10,4.958971180201272033e-01
2.678142514011209174e-01,2.326138448558513980e-10,4.958971180201272033e-01
2.686148919135308288e-01,2.040904927910132932e-10,4.958971180201272033e-01
2.694155324259407402e-01,1.789958483847604089e-10,4.958971180201272033e-01
2.702161729383507072e-01,1.569264359038532613e-10,4.958971180201272033e-01
2.710168134507606186e-01,1.375251836899393617e-10,4.958971180201272033e-01
2.718174539631705300e-01,1.204762179979198555e-10,4.958971180201272033e-01
2.726180944755804969e-01,1.055002253117151215e-10,4.958971180201272033e-01
2.734187349879904083e-01,9.235032288951008189e-11,4.958971180201272033e-01
2.742193755004003197e-01,8.080838346665512554e-11,4.958971180201272033e-01
2.750200160128102311e-01,7.068176561080864620e-11,4.958971180201272033e-01
2.758206565252201981e-01,6.180040623815866019e-11,4.958971180201272033e-01
2.766212970376301095e-01,5.401423631423569651e-11,4.958971180201272033e-01
2.774219375500400209e-01,4.719088482559746685e-11,4.958971180201272033e-01
2.782225780624499878e-01,4.121363976290617106e-11,4.958971180201272033e-01
2.790232185748598992e-01,3.597963814106893183e-11,4.958971180201272033e-01
2.798238590872698106e-01,3.139826003393723007e-11,4.958971180201272033e-01
2.806244995996797775e-01,2.738970425207711912e-11,4.958971180201272033e-01
2.814251401120896889e-01,2.388372567178970758e-11,4.958971180201272033e-01
2.822257806244996003e-01,2.081851635856161049e-11,4.958971180201272033e-01
2.830264211369095118e-01,1.813971454268096686e-11,4.958971180201272033e-01
2.838270616493194787e-01,1.579952722076191170e-11,4.958971180201272033e-01
2.846277021617293901e-01,1.375595369422267968e-11,4.958971180201272033e-01
2.854283426741393015e-01,1.197209873225774158e-11,4.958971180201272033e-01
2.862289831865492684e-01,1.041556527877881581e-11,4.958971180201272033e-01
2.870296236989591798e-01,9.057917724781184616e-12,4.958971180201272033e-01
2.878302642113690912e-01,7.874207752867124469e-12,4.958971180201272033e-01
2.886309047237790582e-01,6.842555641142188301e-12,4.958971180201272033e-01
2.894315452361889696e-01,5.943780700151581598e-12,4.958971180201272033e-01
2.902321857485988810e-01,5.161075218649070559e-12,4.958971180201272033e-01
2.910328262610087924e-01,4.479716920519246695e-12,4.958971180201272033e-01
2.918334667734187593e-01,3.886815493976152528e-12,4.958971180201272033e-01
2.926341072858286707e-01,3.371089252313820769e-12,4.958971180201272033e-01
2.934347477982385821e-01,2.922668429357283338e-12,4.958971180201272033e-01
2.942353883106485490e-01,2.532922008073389426e-12,4.958971180201272033e-01
2.950360288230584604e-01,2.194305332698142936e-12,4.958971180201272033e-01
2.958366693354683719e-01,1.900226067835815400e-12,4.958971180201272033e-01
2.966373098478783388e-01,1.644926346425113460e-12,4.958971180201272033e-01
2.974379503602882502e-01,1.423379195972387402e-12,4.958971180201272033e-01
2.982385908726981616e-01,1.231197552347740975e-12,4.958971180201272033e-01
2.990392313851080730e-01,1.064554365715772105e-12,4.958971180201272033e-01
2.998398718975180399e-01,9.201124765015687068e-13,4.958971180201272033e-01
3.006405124099279513e-01,7.949630930673792424e-13,4.958971180201272033e-01
3.014411529223378627e-01,6.865718391367893141e-13,4.958971180201272033e-01
3.022417934347478297e-01,5.927314598666115266e-13,4.958971180201272033e-01
3.030424339471577411e-01,5.115203825414720249e-13,4.958971180201272033e-01
3.038430744595676525e-01,4.412664226812012557e-13,4.958971180201272033e-01
3.046437149719776194e-01,3.805150102696902182e-13,4.958971180201272033e-01
3.054443554843875308e-01,3.280013850537338098e-13,4.958971180201272033e-01
3.062449959967974422e-01,2.826262755069044974e-13,4.958971180201272033e-01
3.070456365092073536e-01,2.434346340729561941e-13,4.958971180201272033e-01
3.078462770216173205e-01,2.095970525589562788e-13,4.958971180201272033e-01
3.086469175340272320e-01,1.803935268068740056e-13,4.958971180201272033e-01
3.094475580464371434e-01,1.551992797165808948e-13,4.958971180201272033e-01
3.102481985588471103e-01,1.334723869308933022e-13,4.958971180201272033e-01
3.110488390712570217e-01,1.147429805643966233e-13,4.958971180201272033e-01
3.118494795836669331e-01,9.860383374203153617e-14,4.958971180201272033e-01
3.126501200960769000e-01,8.470215283722950027e-14,4.958971180201272033e-01
3.134507606084868114e-01,7.273242554089228219e-14,4.958971180201272033e-01
3.142514011208967228e-01,6.243019158750199048e-14,4.958971180201272033e-01
3.150520416333066342e-01,5.356661941069785831e-14,4.958971180201272033e-01
3.158526821457166012e-01,4.594378646163752466e-14,4.958971180201272033e-01
3.166533226581265126e-01,3.939057363305407417e-14,4.958971180201272033e-01
3.174539631705364240e-01,3.375909539708068916e-14,4.958971180201272033e-01
3.182546036829463909e-01,2.892159706880566081e-14,4.958971180201272033e-01
3.190552441953563023e-01,2.476775921210170779e-14,4.958971180201272033e-01
3.198558847077662137e-01,2.120235675280084497e-14,4.958971180201272033e-01
3.206565252201761806e-01,1.814322698331226772e-14,4.958971180201272033e-01
3.214571657325860921e-01,1.551950644410320346e-14,4.958971180201272033e-01
3.222578062449960035e-01,1.327010174975239914e-14,4.958971180201272033e-01
3.230584467574059149e-01,1.134236387763369266e-14,4.958971180201272033e-01
3.238590872698158818e-01,9.690939332463332338e-15,4.958971180201272033e-01
3.246597277822257932e-01,8.276775007679379944e-15,4.958971180201272033e-01
3.254603682946357046e-01,7.066256544515108105e-15,4.958971180201272033e-01
3.262610088070456715e-01,6.030462594230753436e-15,4.958971180201272033e-01
3.270616493194555829e-01,5.144519664502986356e-15,4.958971180201272033e-01
3.278622898318654943e-01,4.387044218094013069e-15,4.958971180201272033e-01
3.286629303442754613e-01,3.739660426418067044e-15,4.958971180201272033e-01
3.294635708566853727e-01,3.186583493904362887e-15,4.958971180201272033e-01
3.302642113690952841e-01,2.714259788747639226e-15,4.958971180201272033e-01
3.310648518815051955e-01,2.311056165977887783e-15,4.958971180201272033e-01
3.318654923939151624e-01,1.966991871048884545e-15,4.958971180201272033e-01
3.326661329063250738e-01,1.673507285008249658e-15,4.958971180201272033e-01
3.334667734187349852e-01,1.423264532130806736e-15,4.958971180201272033e-01
3.342674139311449522e-01,1.209975632016046051e-15,4.958971180201272033e-01
3.350680544435548636e-01,1.028254453129823077e-15,4.958971180201272033e-01
3.358686949559647750e-01,8.734892246091495575e-16,4.958971180201272033e-01
3.366693354683747419e-01,7.417327974709967538e-16,4.958971180201272033e-01
3.374699759807846533e-01,6.296082235883218861e-16,4.958971180201272033e-01
3.382706164931945647e-01,5.342275482808335092e-16,4.958971180201272033e-01
3.390712570056044761e-01,4.531219965427271426e-16,4.958971180201272033e-01
3.398718975180144430e-01,3.841819794131835316e-16,4.958971180201272033e-01
3.406725380304243544e-01,3.256055606909813025e-16,4.958971180201272033e-01
3.414731785428342659e-01,2.758542093804810718e-16,4.958971180201272033e-01
3.422738190552442328e-01,2.336148236644735080e-16,4.958971180201272033e-01
3.430744595676541442e-01,1.977671510832800430e-16,4.958971180201272033e-01
3.438751000800640556e-01,1.673558497934028555e-16,4.958971180201272033e-01
3.446757405924739670e-01,1.415665397519695911e-16,4.958971180201272033e-01
3.454763811048839339e-01,1.197052825739440377e-16,4.958971180201272033e-01
3.462770216172938453e-01,1.011810065080527124e-16,4.958971180201272033e-01
3.470776621297037567e-01,8.549046010039320059e-17,4.958971180201272033e-01
3.478783026421137237e-01,7.220533607579744420e-17,4.958971180201272033e-01
3.486789431545236351e-01,6.096125699455801252e-17,4.958971180201272033e-01
3.494795836669335465e-01,5.144835740264973521e-17,4.958971180201272033e-01
3.502802241793435134e-01,4.340323441350370015e-17,4.958971180201272033e-01
3.510808646917534248e-01,3.660207074187757878e-17,4.958971180201272033e-01
3.518815052041633362e-01,3.085476185253841603e-17,4.958971180201272033e-01
3.526821457165732476e-01,2.599990269219873902e-17,4.958971180201272033e-01
3.534827862289832145e-01,2.190050996591099957e-17,4.958971180201272033e-01
3.542834267413931260e-01,1.844037355219306738e-17,4.958971180201272033e-01
3.550840672538030374e-01,1.552094581685559731e-17,4.958971180201272033e-01
3.558847077662130043e-01,1.305869062340661483e-17,4.958971180201272033e-01
3.566853482786229157e-01,1.098282504157064776e-17,4.958971180201272033e-01
3.574859887910328271e-01,9.233396378720302458e-18,4.958971180201272033e-01
3.582866293034427940e-01,7.759645421174500813e-18,4.958971180201272033e-01
3.590872698158527054e-01,6.518613862767013851e-18,4.958971180201272033e-01
3.598879103282626168e-01,5.473959980325785711e-18,4.958971180201272033e-01
3.606885508406725283e-01,4.594951830807552184e-18,4.958971180201272033e-01
3.614891913530824952e-01,3.855611714464399048e-18,4.958971180201272033e-01
3.622898318654924066e-01,3.233989477466203277e-18,4.958971180201272033e-01
3.630904723779023180e-01,2.711545506237522321e-18,4.958971180201272033e-01
3.638911128903122849e-01,2.272627072226133927e-18,4.958971180201272033e-01
3.646917534027221963e-01,1.904024086905695813e-18,4.958971180201272033e-01
3.654923939151321077e-01,1.594592380185417730e-18,4.958971180201272033e-01
3.662930344275420746e-01,1.334934370644410335e-18,4.958971180201272033e-01
3.670936749399519861e-01,1.117128495755048144e-18,4.958971180201272033e-01
3.678943154523618975e-01,9.345000511442442172e-19,4.958971180201272033e-01
3.686949559647718089e-01,7.814271814247870289e-19,4.958971180201272033e-01
3.694955964771817758e-01,6.531766982237321369e-19,4.958971180201272033e-01
3.702962369895916872e-01,5.457651969203826662e-19,4.958971180201272033e-01
3.710968775020015986e-01,4.558416221632336620e-19,4.958971180201272033e-01
3.718975180144115655e-01,3.805880105099462741e-19,4.958971180201272033e-01
3.726981585268214769e-01,3.176356311324697546e-19,4.958971180201272033e-01
3.734987990392313884e-01,2.649941649634435345e-19,4.958971180201272033e-01
3.742994395516413553e-01,2.209919196417656780e-19,4.958971180201272033e-01
3.751000800640512667e-01,1.842253813120171232e-19,4.958971180201272033e-01
3.759007205764611781e-01,1.535166625863904761e-19,4.958971180201272033e-01
3.767013610888710895e-01,1.278776254932526891e-19,4.958971180201272033e-01
3.775020016012810564e-01,1.064796447440279654e-19,4.958971180201272033e-01
3.783026421136909678e-01,8.862813504421700810e-20,4.958971180201272033e-01
3.791032826261008792e-01,7.374110063510532038e-20,4.958971180201272033e-01
3.799039231385108462e-01,6.133107934685377908e-20,4.958971180201272033e-01
3.807045636509207576e-01,5.098995021453436866e-20,4.958971180201272033e-01
3.815052041633306690e-01,4.237615575110614994e-20,4.958971180201272033e-01
3.823058446757406359e-01,3.520395949706862847e-20,4.958971180201272033e-01
3.831064851881505473e-01,2.923441835973808315e-20,4.958971180201272033e-01
3.839071257005604587e-01,2.426779912042775722e-20,4.958971180201272033e-01
3.847077662129703701e-01,2.013721069096758205e-20,4.958971180201272033e-01
3.855084067253803370e-01,1.670325940401416731e-20,4.958971180201272033e-01
3.863090472377902485e-01,1.384956481265470244e-20,4.958971180201272033e-01
3.871096877502001599e-01,1.147899899389452558e-20,4.958971180201272033e-01
3.879103282626101268e-01,9.510533911460452631e-21,4.958971180201272033e-01
3.887109687750200382e-01,7.876599602111536891e-21,4.958971180201272033e-01
3.895116092874299496e-01,6.520871320878365637e-21,4.958971180201272033e-01
3.903122497998399165e-01,5.396416750985072982e-21,4.958971180201272033e-01
3.911128903122498279e-01,4.464145323962306765e-21,4.958971180201272033e-01
3.919135308246597393e-01,3.691510918593418193e-21,4.958971180201272033e-01
3.927141713370696507e-01,3.051426979880494488e-21,4.958971180201272033e-01
3.935148118494796177e-01,2.521359646532343228e-21,4.958971180201272033e-01
3.943154523618895291e-01,2.082569988334031258e-21,4.958971180201272033e-01
3.951160928742994405e-01,1.719481094626858950e-21,4.958971180201272033e-01
3.959167333867094074e-01,1.419149658581020863e-21,4.958971180201272033e-01
3.967173738991193188e-01,1.170824984461113562e-21,4.958971180201272033e-01
3.975180144115292302e-01,9.655811042659961918e-22,4.958971180201272033e-01
3.983186549239391971e-01,7.960100084173702905e-22,4.958971180201272033e-01
3.991192954363491086e-01,6.559659421960057875e-22,4.958971180201272033e-01
3.999199359487590200e-01,5.403523541427826949e-22,4.958971180201272033e-01
4.007205764611689314e-01,4.449444542286616227e-22,4.958971180201272033e-01
4.015212169735788983e-01,3.662414900599806365e-22,4.958971180201272033e-01
4.023218574859888097e-01,3.013438139621602931e-22,4.958971180201272033e-01
4.031224979983987211e-01,2.478506221671788801e-22,4.958971180201272033e-01
4.039231385108086880e-01,2.037749245229211381e-22,4.958971180201272033e-01
4.047237790232185994e-01,1.674728701955366569e-22,4.958971180201272033e-01
4.055244195356285108e-01,1.375850294612103360e-22,4.958971180201272033e-01
4.063250600480384778e-01,1.129876287781588387e-22,4.958971180201272033e-01
4.071257005604483892e-01,9.275206841740745575e-23,4.958971180201272033e-01
4.079263410728583006e-01,7.611132953631701598e-23,4.958971180201272033e-01
4.087269815852682120e-01,6.243210954198184036e-23,4.958971180201272033e-01
4.095276220976781789e-01,5.119171833494499558e-23,4.958971180201272033e-01
4.103282626100880903e-01,4.195892977588115067e-23,4.958971180201272033e-01
4.111289031224980017e-01,3.437811770444775003e-23,4.958971180201272033e-01
4.119295436349079687e-01,2.815611844179206614e-23,4.958971180201272033e-01
4.127301841473178801e-01,2.305135559841442678e-23,4.958971180201272033e-01
4.135308246597277915e-01,1.886484126373465404e-23,4.958971180201272033e-01
4.143314651721377029e-01,1.543273284910671134e-23,4.958971180201272033e-01
4.151321056845476698e-01,1.262017914853727862e-23,4.958971180201272033e-01
4.159327461969575812e-01,1.031623437534791023e-23,4.958971180201272033e-01
4.167333867093674926e-01,8.429656537309127153e-24,4.958971180201272033e-01
4.175340272217774595e-01,6.885437788836552590e-24,4.958971180201272033e-01
4.183346677341873709e-01,5.621940400619579405e-24,4.958971180201272033e-01
4.191353082465972824e-01,4.588533594914500864e-24,4.958971180201272033e-01
4.199359487590072493e-01,3.743644443624078623e-24,4.958971180201272033e-01
4.207365892714171607e-01,3.053150929524395335e-24,4.958971180201272033e-01
4.215372297838270721e-01,2.489057640193511986e-24,4.958971180201272033e-01
4.223378702962369835e-01,2.028404825893369909e-24,4.958971180201272033e-01
4.231385108086469504e-01,1.652370062373538602e-24,4.958971180201272033e-01
4.239391513210568618e-01,1.345528813445782589e-24,4.958971180201272033e-01
4.247397918334667732e-01,1.095246032837179627e-24,4.958971180201272033e-01
4.255404323458767402e-01,8.911757855270239125e-25,4.958971180201272033e-01
4.263410728582866516e-01,7.248498762812205936e-25,4.958971180201272033e-01
4.271417133706965630e-01,5.893397894373902881e-25,4.958971180201272033e-01
4.279423538831065299e-01,4.789789872191643777e-25,4.958971180201272033e-01
4.287429943955164413e-01,3.891348820618364254e-25,4.958971180201272033e-01
4.295436349079263527e-01,3.160216730838614547e-25,4.958971180201272033e-01
4.303442754203362641e-01,2.565467855753151211e-25,4.958971180201272033e-01
4.311449159327462310e-01,2.081849313221537587e-25,4.958971180201272033e-01
4.319455564451561425e-01,1.688748632991012200e-25,4.958971180201272033e-01
4.327461969575660539e-01,1.369347693441267387e-25,4.958971180201272033e-01
4.335468374699760208e-01,1.109929678642056615e-25,4.958971180201272033e-01
4.343474779823859322e-01,8.993116091605401378e-26,4.958971180201272033e-01
4.351481184947958436e-01,7.283798810130422180e-26,4.958971180201272033e-01
4.359487590072058105e-01,5.897102677557761855e-26,4.958971180201272033e-01
4.367493995196157219e-01,4.772571512282677358e-26,4.958971180201272033e-01
4.375500400320256333e-01,3.860994711687715632e-26,4.958971180201272033e-01
4.383506805444355447e-01,3.122331255418996980e-26,4.958971180201272033e-01
4.391513210568455117e-01,2.524013968360714534e-26,4.958971180201272033e-01
4.399519615692554231e-01,2.039564949075992382e-26,4.958971180201272033e-01
4.407526020816653345e-01,1.647465520464807809e-26,4.958971180201272033e-01
4.415532425940753014e-01,1.330234285776386462e-26,4.958971180201272033e-01
4.423538831064852128e-01,1.073675268874208347e-26,4.958971180201272033e-01
4.431545236188951242e-01,8.662650076175714234e-27,4.958971180201272033e-01
4.439551641313050911e-01,6.986531211093292761e-27,4.958971180201272033e-01
4.447558046437150026e-01,5.632555059120273436e-27,4.958971180201272033e-01
4.455564451561249140e-01,4.539231147644975434e-27,4.958971180201272033e-01
4.463570856685348254e-01,3.656723833250653587e-27,4.958971180201272033e-01
4.471577261809447923e-01,2.944659190151489560e-27,4.958971180201272033e-01
4.479583666933547037e-01,2.370341522881294074e-27,4.958971180201272033e-01
4.487590072057646151e-01,1.907303577517104843e-27,4.958971180201272033e-01
4.495596477181745820e-01,1.534128488532926913e-27,4.958971180201272033e-01
4.503602882305844934e-01,1.233492914163121237e-27,4.958971180201272033e-01
4.511609287429944048e-01,9.913901426552525130e-28,4.958971180201272033e-01
4.519615692554043718e-01,7.964995731246286801e-28,4.958971180201272033e-01
4.527622097678142832e-01,6.396751980605617580e-28,4.958971180201272033e-01
4.535628502802241946e-01,5.135307942088931748e-28,4.958971180201272033e-01
4.543634907926341060e-01,4.121036730197251705e-28,4.958971180201272033e-01
4.551641313050440729e-01,3.305822218829722725e-28,4.958971180201272033e-01
4.559647718174539843e-01,2.650852228319670722e-28,4.958971180201272033e-01
4.567654123298638957e-01,2.124831807582246116e-28,4.958971180201272033e-01
4.575660528422738627e-01,1.702537221222878632e-28,4.958971180201272033e-01
4.583666933546837741e-01,1.363646142793729157e-28,4.958971180201272033e-01
4.591673338670936855e-01,1.091791674986359578e-28,4.958971180201272033e-01
4.599679743795036524e-01,8.737976772277890331e-29,4.958971180201272033e-01
4.607686148919135638e-01,6.990608989730329239e-29,4.958971180201272033e-01
4.615692554043234752e-01,5.590519343215159902e-29,4.958971180201272033e-01
4.623698959167333866e-01,4.469123090590705958e-29,4.958971180201272033e-01
4.631705364291433535e-01,3.571293121777016356e-29,4.958971180201272033e-01
4.639711769415532649e-01,2.852736757252865607e-29,4.958971180201272033e-01
4.647718174539631764e-01,2.277880405364794536e-29,4.958971180201272033e-01
4.655724579663731433e-01,1.818164440121936206e-29,4.958971180201272033e-01
4.663730984787830547e-01,1.450669298357757285e-29,4.958971180201272033e-01
4.671737389911929661e-01,1.157008899786429176e-29,4.958971180201272033e-01
4.679743795036029330e-01,9.224397310522704683e-30,4.958971180201272033e-01
4.687750200160128444e-01,7.351438471425825484e-30,4.958971180201272033e-01
4.695756605284227558e-01,5.856520700258596279e-30,4.958971180201272033e-01
4.703763010408326672e-01,4.663801601870458079e-30,4.958971180201272033e-01
4.711769415532426342e-01,3.712559887116405765e-30,4.958971180201272033e-01
4.719775820656525456e-01,2.954199793269007763e-30,4.958971180201272033e-01
4.727782225780624570e-01,2.349845142706200013e-30,4.958971180201272033e-01
4.735788630904724239e-01,1.868407654596991742e-30,4.958971180201272033e-01
4.743795036028823353e-01,1.485036543409129246e-30,4.958971180201272033e-01
4.751801441152922467e-01,1.179874624091300756e-30,4.958971180201272033e-01
4.759807846277022136e-01,9.370608527436325200e-31,4.958971180201272033e-01
4.767814251401121250e-01,7.439310207680471906e-31,4.958971180201272033e-01
4.775820656525220365e-01,5.903776605744132336e-31,4.958971180201272033e-01
4.783827061649319479e-01,4.683375982381230888e-31,4.958971180201272033e-01
4.791833466773419148e-01,3.713815296644362445e-31,4.958971180201272033e-01
4.799839871897518262e-01,2.943849870753425675e-31,4.958971180201272033e-01
4.807846277021617376e-01,2.332644052598388267e-31,4.958971180201272033e-01
4.815852682145717045e-01,1.847657208698676345e-31,4.958971180201272033e-01
4.823859087269816159e-01,1.462958515925569968e-31,4.958971180201272033e-01
4.831865492393915273e-01,1.157893032150214784e-31,4.958971180201272033e-01
4.839871897518014388e-01,9.160308472731024108e-32,4.958971180201272033e-01
4.847878302642114057e-01,7.243349144878703568e-32,4.958971180201272033e-01
4.855884707766213171e-01,5.724881112606832156e-32,4.958971180201272033e-01
4.863891112890312285e-01,4.523319176926915535e-32,4.958971180201272033e-01
4.871897518014411954e-01,3.573888896199851287e-32,4.958971180201272033e-01
4.879903923138511068e-01,2.824637076939655148e-32,4.958971180201272033e-01
4.887910328262610182e-01,2.233338161957253754e-32,4.958971180201272033e-01
4.895916733386709851e-01,1.765423923964007487e-32,4.958971180201272033e-01
4.903923138510808966e-01,1.392918164261513253e-32,4.958971180201272033e-01
4.911929543634908080e-01,1.094117198773102042e-32,4.958971180201272033e-01
4.919935948759007194e-01,8.535485969596196069e-33,4.958971180201272033e-01
4.927942353883106863e-01,6.616893485016492415e-33,4.958971180201272033e-01
4.935948759007205977e-01,5.140837887933970710e-33,4.958971180201272033e-01
4.943955164131305091e-01,4.098200364341118107e-33,4.958971180201272033e-01
4.951961569255404760e-01,3.496665092910860911e-33,4.958971180201272033e-01
4.959967974379503874e-01,3.343844597504131338e-33,4.958971180201272033e-01
4.967974379503602989e-01,3.637235140576451012e-33,4.958971180201272033e-01
4.975980784627702658e-01,4.363839586784031598e-33,4.958971180201272033e-01
4.983987189751801772e-01,5.508979189841685213e-33,4.958971180201272033e-01
4.991993594875900886e-01,7.070901579993856711e-33,4.958971180201272033e-01
5.000000000000000000e-01,9.076477130248708186e-33,4.958971180201272033e-01
5.008006405124099114e-01,1.159395097269054635e-32,4.958971180201272033e-01
5.016012810248199338e-01,1.474088131771690883e-32,4.958971180201272033e-01
5.024019215372298452e-01,1.868798982524461013e-32,4.958971180201272033e-01
5.032025620496397567e-01,2.366161245363790680e-32,4.958971180201272033e-01
5.040032025620496681e-01,2.994816414751937297e-32,4.958971180201272033e-01
5.048038430744595795e-01,3.790355100603004002e-32,4.958971180201272033e-01
5.056044835868694909e-01,4.796931068524205499e-32,4.958971180201272033e-01
5.064051240992794023e-01,6.069613267060517194e-32,4.958971180201272033e-01
5.072057646116894247e-01,7.677483502294067362e-32,4.958971180201272033e-01
5.080064051240993361e-01,9.707503818454922099e-32,4.958971180201272033e-01
5.088070456365092475e-01,1.226925391073627602e-31,4.958971180201272033e-01
5.096076861489191590e-01,1.550074447431940086e-31,4.958971180201272033e-01
5.104083266613290704e-01,1.957561919728038134e-31,4.958971180201272033e-01
5.112089671737389818e-01,2.471215306554764785e-31,4.958971180201272033e-01
5.120096076861488932e-01,3.118454201337027941e-31,4.958971180201272033e-01
5.128102481985589156e-01,3.933707449885317703e-31,4.958971180201272033e-01
5.136108887109688270e-01,4.960189805976937074e-31,4.958971180201272033e-01
5.144115292233787384e-01,6.252125868590413153e-31,4.958971180201272033e-01
5.152121697357886498e-01,7.877530813407510337e-31,4.958971180201272033e-01
5.160128102481985612e-01,9.921685131142600121e-31,4.958971180201272033e-01
5.168134507606084727e-01,1.249147506701633696e-30,4.958971180201272033e-01
5.176140912730184951e-01,1.572081296436146330e-30,4.958971180201272033e-01
5.184147317854284065e-01,1.977740411531494783e-30,4.958971180201272033e-01
5.192153722978383179e-01,2.487119153916925485e-30,4.958971180201272033e-01
5.200160128102482293e-01,3.126489052225801505e-30,4.958971180201272033e-01
5.208166533226581407e-01,3.928712462259601690e-30,4.958971180201272033e-01
5.216172938350680521e-01,4.934879883298436460e-30,4.958971180201272033e-01
5.224179343474779635e-01,6.196349939669739213e-30,4.958971180201272033e-01
5.232185748598879860e-01,7.777290038562501490e-30,4.958971180201272033e-01
5.240192153722978974e-01,9.757839325033200271e-30,4.958971180201272033e-01
5.248198558847078088e-01,1.223804478642502184e-29,4.958971180201272033e-01
5.256204963971177202e-01,1.534275753663360677e-29,4.958971180201272033e-01
5.264211369095276316e-01,1.922772107077499224e-29,4.958971180201272033e-01
5.272217774219375430e-01,2.408713863704935280e-29,4.958971180201272033e-01
5.280224179343474544e-01,3.016307530524143874e-29,4.958971180201272033e-01
5.288230584467574769e-01,3.775713487381526875e-29,4.958971180201272033e-01
5.296236989591673883e-01,4.724495620816910057e-29,4.958971180201272033e-01
5.304243394715772997e-01,5.909420256524449702e-29,4.958971180201272033e-01
5.312249799839872111e-01,7.388687662116166264e-29,4.958971180201272033e-01
5.320256204963971225e-01,9.234699026957685613e-29,4.958971180201272033e-01
5.328262610088070339e-01,1.153748603891609931e-28,4.958971180201272033e-01
5.336269015212170563e-01,1.440896002392499836e-28,4.958971180201272033e-01
5.344275420336269677e-01,1.798817438865566731e-28,4.958971180201272033e-01
5.352281825460368792e-01,2.244783939886068631e-28,4.958971180201272033e-01
5.360288230584467906e-01,2.800238408607020698e-28,4.958971180201272033e-01
5.368294635708567020e-01,3.491792869423506065e-28,4.958971180201272033e-01
5.376301040832666134e-01,4.352461548604882777e-28,4.958971180201272033e-01
5.384307445956765248e-01,5.423184951631552764e-28,4.958971180201272033e-01
5.392313851080865472e-01,6.754712854347889628e-28,4.958971180201272033e-01
5.400320256204964586e-01,8.409929797217014803e-28,4.958971180201272033e-01
5.408326661329063700e-01,1.046672591845929547e-27,4.958971180201272033e-01
5.416333066453162814e-01,1.302153958808667564e-27,4.958971180201272033e-01
5.424339471577261929e-01,1.619372729545254336e-27,4.958971180201272033e-01
5.432345876701361043e-01,2.013095180119448720e-27,4.958971180201272033e-01
5.440352281825460157e-01,2.501582316016552091e-27,4.958971180201272033e-01
5.448358686949560381e-01,3.107408064972424756e-27,4.958971180201272033e-01
5.456365092073659495e-01,3.858466908788556446e-27,4.958971180201272033e-01
5.464371497197758609e-01,4.789214317037133301e-27,4.958971180201272033e-01
5.472377902321857723e-01,5.942193155292997882e-27,4.958971180201272033e-01
5.480384307445956837e-01,7.369911242713753665e-27,4.958971180201272033e-01
5.488390712570055952e-01,9.137149912342520851e-27,4.958971180201272033e-01
5.496397117694155066e-01,1.132380137178633491e-26,4.958971180201272033e-01
5.504403522818255290e-01,1.402835458938612812e-26,4.958971180201272033e-01
5.512409927942354404e-01,1.737217621466706797e-26,4.958971180201272033e-01
5.520416333066453518e-01,2.150476574369172978e-26,4.958971180201272033e-01
5.528422738190552632e-01,2.661020405096702733e-26,4.958971180201272033e-01
5.536429143314651746e-01,3.291506309886205704e-26,4.958971180201272033e-01
5.544435548438750860e-01,4.069810400910374548e-26,4.958971180201272033e-01
5.552441953562851085e-01,5.030216305327635645e-26,4.958971180201272033e-01
5.560448358686950199e-01,6.214871329949367724e-26,4.958971180201272033e-01
5.568454763811049313e-01,7.675569704865561484e-26,4.958971180201272033e-01
5.576461168935148427e-01,9.475935493893780963e-26,4.958971180201272033e-01
5.584467574059247541e-01,1.169409367014769728e-25,4.958971180201272033e-01
5.592473979183346655e-01,1.442593720840848324e-25,4.958971180201272033e-01
5.600480384307445769e-01,1.778912157754881405e-25,4.958971180201272033e-01
5.608486789431545994e-01,2.192794661612160733e-25,4.958971180201272033e-01
5.616493194555645108e-01,2.701932051946935439e-25,4.958971180201272033e-01
5.624499599679744222e-01,3.328004286026634540e-25,4.958971180201272033e-01
5.632506004803843336e-01,4.097569478152815443e-25,4.958971180201272033e-01
5.640512409927942450e-01,5.043148664567132367e-25,4.958971180201272033e-01
5.648518815052041564e-01,6.204548879511989907e-25,4.958971180201272033e-01
5.656525220176140678e-01,7.630476245641824357e-25,4.958971180201272033e-01
5.664531625300240902e-01,9.380501855298711056e-25,4.958971180201272033e-01
5.672538030424340016e-01,1.152745663258813983e-24,4.958971180201272033e-01
5.680544435548439131e-01,1.416034760744641953e-24,4.958971180201272033e-01
5.688550840672538245e-01,1.738790768991973201e-24,4.958971180201272033e-01
5.696557245796637359e-01,2.134291481411480584e-24,4.958971180201272033e-01
5.704563650920736473e-01,2.618744507995852426e-24,4.958971180201272033e-01
5.712570056044836697e-01,3.211925928425693078e-24,4.958971180201272033e-01
5.720576461168935811e-01,3.937956423670302569e-24,4.958971180201272033e-01
5.728582866293034925e-01,4.826244098832095887e-24,4.958971180201272033e-01
5.736589271417134039e-01,5.912629334717274111e-24,4.958971180201272033e-01
5.744595676541233154e-01,7.240774396747916854e-24,4.958971180201272033e-01
5.752602081665332268e-01,8.863849445477768634e-24,4.958971180201272033e-01
5.760608486789431382e-01,1.084657734307116058e-23,4.958971180201272033e-01
5.768614891913531606e-01,1.326771260664406318e-23,4.958971180201272033e-01
5.776621297037630720e-01,1.622304546867760239e-23,4.958971180201272033e-01
5.784627702161729834e-01,1.982904080199851623e-23,4.958971180201272033e-01
5.792634107285828948e-01,2.422724429369186256e-23,4.958971180201272033e-01
5.800640512409928062e-01,2.958961547747949122e-23,4.958971180201272033e-01
5.808646917534027176e-01,3.612497997829616139e-23,4.958971180201272033e-01
5.816653322658126291e-01,4.408683268819200594e-23,4.958971180201272033e-01
5.824659727782226515e-01,5.378277089827994674e-23,4.958971180201272033e-01
5.832666132906325629e-01,6.558589323479082739e-23,4.958971180201272033e-01
5.840672538030424743e-01,7.994856847459845214e-23,4.958971180201272033e-01
5.848678943154523857e-01,9.741906020095923627e-23,4.958971180201272033e-01
5.856685348278622971e-01,1.186615914963610199e-22,4.958971180201272033e-01
5.864691753402722085e-01,1.444805516713396037e-22,4.958971180201272033e-01
5.872698158526822310e-01,1.758496882333780009e-22,4.958971180201272033e-01
5.880704563650921424e-01,2.139472964861776749e-22,4.958971180201272033e-01
5.888710968775020538e-01,2.601986217761369423e-22,4.958971180201272033e-01
5.896717373899119652e-01,3.163269319760060012e-22,4.958971180201272033e-01
5.904723779023218766e-01,3.844150080686541633e-22,4.958971180201272033e-01
5.912730184147317880e-01,4.669791478987477272e-22,4.958971180201272033e-01
5.920736589271416994e-01,5.670581932874816169e-22,4.958971180201272033e-01
5.928742994395517218e-01,6.883205868325743815e-22,4.958971180201272033e-01
5.936749399519616333e-01,8.351930573951314216e-22,4.958971180201272033e-01
5.944755804643715447e-01,1.013015240998222813e-21,4.958971180201272033e-01
5.952762209767814561e-01,1.228225388599265769e-21,4.958971180201272033e-01
5.960768614891913675e-01,1.488583320050041208e-21,4.958971180201272033e-01
5.968775020016012789e-01,1.803437985507520024e-21,4.958971180201272033e-01
5.976781425140111903e-01,2.184048428378314603e-21,4.958971180201272033e-01
5.984787830264212127e-01,2.643968651189494048e-21,4.958971180201272033e-01
5.992794235388311241e-01,3.199508919297536435e-21,4.958971180201272033e-01
6.000800640512410355e-01,3.870288458371130046e-21,4.958971180201272033e-01
6.008807045636509470e-01,4.679897382731335914e-21,4.958971180201272033e-01
6.016813450760608584e-01,5.656689118889038236e-21,4.958971180201272033e-01
6.024819855884707698e-01,6.834728663756944861e-21,4.958971180201272033e-01
6.032826261008807922e-01,8.254926860447975201e-21,4.958971180201272033e-01
6.040832666132907036e-01,9.966396628690873375e-21,4.958971180201272033e-01
6.048839071257006150e-01,1.202807392000486859e-20,4.958971180201272033e-01
6.056845476381105264e-01,1.451065427875725498e-20,4.958971180201272033e-01
6.064851881505204378e-01,1.749890551392732539e-20,4.958971180201272033e-01
6.072858286629303493e-01,2.109442840007950654e-20,4.958971180201272033e-01
6.080864691753402607e-01,2.541895085682362415e-20,4.958971180201272033e-01
6.088871096877502831e-01,3.061825708975664179e-20,4.958971180201272033e-01
6.096877502001601945e-01,3.686687216741676800e-20,4.958971180201272033e-01
6.104883907125701059e-01,4.437364499410153764e-20,4.958971180201272033e-01
6.112890312249800173e-01,5.338839924886224654e-20,4.958971180201272033e-01
6.120896717373899287e-01,6.420985333987451183e-20,4.958971180201272033e-01
6.128903122497998401e-01,7.719504764535907160e-20,4.958971180201272033e-01
6.136909527622097515e-01,9.277056130628550740e-20,4.958971180201272033e-01
6.144915932746197740e-01,1.114458528118111605e-19,4.958971180201272033e-01
6.152922337870296854e-01,1.338291199976851341e-19,4.958971180201272033e-01
6.160928742994395968e-01,1.606461475305679887e-19,4.958971180201272033e-01
6.168935148118495082e-01,1.927626954386640319e-19,4.958971180201272033e-01
6.176941553242594196e-01,2.312110830723319508e-19,4.958971180201272033e-01
6.184947958366693310e-01,2.772217417380798864e-19,4.958971180201272033e-01
6.192954363490792424e-01,3.322606493107118154e-19,4.958971180201272033e-01
6.200960768614892649e-01,3.980737251031158538e-19,4.958971180201272033e-01
6.208967173738991763e-01,4.767394575078900596e-19,4.958971180201272033e-01
6.216973578863090877e-01,5.707312655111440762e-19,4.958971180201272033e-01
6.224979983987189991e-01,6.829913640748136224e-19,4.958971180201272033e-01
6.232986389111289105e-01,8.170182195617749256e-19,4.958971180201272033e-01
6.240992794235388219e-01,9.769700529909011268e-19,4.958971180201272033e-01
6.248999199359488443e-01,1.167787285486092501e-18,4.958971180201272033e-01
6.257005604483587557e-01,1.395337332961557346e-18,4.958971180201272033e-01
6.265012009607686672e-01,1.666585758864607061e-18,4.958971180201272033e-01
6.273018414731785786e-01,1.989798499862724295e-18,4.958971180201272033e-01
6.281024819855884900e-01,2.374780707419251657e-18,4.958971180201272033e-01
6.289031224979984014e-01,2.833158718913534131e-18,4.958971180201272033e-01
6.297037630104083128e-01,3.378712809401575830e-18,4.958971180201272033e-01
6.305044035228183352e-01,4.027769707346293928e-18,4.958971180201272033e-01
6.313050440352282466e-01,4.799665417346007671e-18,4.958971180201272033e-01
6.321056845476381580e-01,5.717290718103665667e-18,4.958971180201272033e-01
6.329063250600480695e-01,6.807733838871044737e-18,4.958971180201272033e-01
6.337069655724579809e-01,8.103037313859749228e-18,4.958971180201272033e-01
6.345076060848678923e-01,9.641088931496560297e-18,4.958971180201272033e-01
6.353082465972778037e-01,1.146667010345759626e-17,4.958971180201272033e-01
6.361088871096878261e-01,1.363268895794077830e-17,4.958971180201272033e-01
6.369095276220977375e-01,1.620163010641918744e-17,4.958971180201272033e-01
6.377101681345076489e-01,1.924725845198603057e-17,4.958971180201272033e-01
6.385108086469175603e-01,2.285662072660203816e-17,4.958971180201272033e-01
6.393114491593274717e-01,2.713239581045031480e-17,4.958971180201272033e-01
6.401120896717373832e-01,3.219565346877747624e-17,4.958971180201272033e-01
6.409127301841474056e-01,3.818909113650361224e-17,4.958971180201272033e-01
6.417133706965573170e-01,4.528083001597644036e-17,4.958971180201272033e-01
6.425140112089672284e-01,5.366886529167786193e-17,4.958971180201272033e-01
6.433146517213771398e-01,6.358628101197250539e-17,4.958971180201272033e-01
6.441152922337870512e-01,7.530735849398164438e-17,4.958971180201272033e-01
6.449159327461969626e-01,8.915472838025044446e-17,4.958971180201272033e-01
6.457165732586068740e-01,1.055077411847284285e-16,4.958971180201272033e-01
6.465172137710168965e-01,1.248122598532638973e-16,4.958971180201272033e-01
6.473178542834268079e-01,1.475921111562356848e-16,4.958971180201272033e-01
6.481184947958367193e-01,1.744624713499924118e-16,4.958971180201272033e-01
6.489191353082466307e-01,2.061455063222247297e-16,4.958971180201272033e-01
6.497197758206565421e-01,2.434886383331782601e-16,4.958971180201272033e-01
6.505204163330664535e-01,2.874858715849802356e-16,4.958971180201272033e-01
6.513210568454763649e-01,3.393026784673045181e-16,4.958971180201272033e-01
6.521216973578863874e-01,4.003050289030876275e-16,4.958971180201272033e-01
6.529223378702962988e-01,4.720932384371000517e-16,4.958971180201272033e-01
6.537229783827062102e-01,5.565414185085813553e-16,4.958971180201272033e-01
6.545236188951161216e-01,6.558434369518576293e-16,4.958971180201272033e-01
6.553242594075260330e-01,7.725664407308477775e-16,4.958971180201272033e-01
6.561248999199359444e-01,9.097131591683611085e-16,4.958971180201272033e-01
6.569255404323459668e-01,1.070794397846020611e-15,4.958971180201272033e-01
6.577261809447558782e-01,1.259913354785440664e-15,4.958971180201272033e-01
6.585268214571657897e-01,1.481863645904196824e-15,4.958971180201272033e-01
6.593274619695757011e-01,1.742243221141739981e-15,4.958971180201272033e-01
6.601281024819856125e-01,2.047586691882412642e-15,4.958971180201272033e-01
6.609287429943955239e-01,2.405518981013266860e-15,4.958971180201272033e-01
6.617293835068054353e-01,2.824933656756860354e-15,4.958971180201272033e-01
6.625300240192154577e-01,3.316199829013919686e-15,4.958971180201272033e-01
6.633306645316253691e-01,3.891402082290877811e-15,4.958971180201272033e-01
6.641313050440352805e-01,4.564618603738402229e-15,4.958971180201272033e-01
6.649319455564451919e-01,5.352243451374593820e-15,4.958971180201272033e-01
6.657325860688551034e-01,6.273359811033339822e-15,4.958971180201272033e-01
6.665332265812650148e-01,7.350172127870866479e-15,4.958971180201272033e-01
6.673338670936749262e-01,8.608506188664835393e-15,4.958971180201272033e-01
6.681345076060849486e-01,1.007838759664393298e-14,4.958971180201272033e-01
6.689351481184948600e-01,1.179471064621889206e-14,4.958971180201272033e-01
6.697357886309047714e-01,1.379801139927572323e-14,4.958971180201272033e-01
6.705364291433146828e-01,1.613536082010484613e-14,4.958971180201272033e-01
6.713370696557245942e-01,1.886139617948708172e-14,4.958971180201272033e-01
6.721377101681345057e-01,2.203951163194301604e-14,4.958971180201272033e-01
6.729383506805445281e-01,2.574323195141069438e-14,4.958971180201272033e-01
6.737389911929544395e-01,3.005779693380695201e-14,4.958971180201272033e-01
6.745396317053643509e-01,3.508198800169403373e-14,4.958971180201272033e-01
6.753402722177742623e-01,4.093023314637960128e-14,4.958971180201272033e-01
6.761409127301841737e-01,4.773503159552808503e-14,4.958971180201272033e-01
6.769415532425940851e-01,5.564974558955503028e-14,4.958971180201272033e-01
6.777421937550039965e-01,6.485181348953901132e-14,4.958971180201272033e-01
6.785428342674140190e-01,7.554644623838386996e-14,4.958971180201272033e-01
6.793434747798239304e-01,8.797087808608846250e-14,4.958971180201272033e-01
6.801441152922338418e-01,1.023992526168470901e-13,4.958971180201272033e-01
6.809447558046437532e-01,1.191482366473952659e-13,4.958971180201272033e-01
6.817453963170536646e-01,1.385834676913398393e-13,4.958971180201272033e-01
6.825460368294635760e-01,1.611269556164750724e-13,4.958971180201272033e-01
6.833466773418734874e-01,1.872655761021557530e-13,4.958971180201272033e-01
6.841473178542835099e-01,2.175608128036007539e-13,4.958971180201272033e-01
6.849479583666934213e-01,2.526599270561390276e-13,4.958971180201272033e-01
6.857485988791033327e-01,2.933087588509287066e-13,4.958971180201272033e-01
6.865492393915132441e-01,3.403663910740373777e-13,4.958971180201272033e-01
6.873498799039231555e-01,3.948219410622014431e-13,4.958971180201272033e-01
6.881505204163330669e-01,4.578137798850376934e-13,4.958971180201272033e-01
6.889511609287429783e-01,5.306515209714163895e-13,4.958971180201272033e-01
6.897518014411530007e-01,6.148411663824724704e-13,4.958971180201272033e-01
6.905524419535629121e-01,7.121138518979846795e-13,4.958971180201272033e-01
6.913530824659728236e-01,8.244586919172229810e-13,4.958971180201272033e-01
6.921537229783827350e-01,9.541602928666621981e-13,4.958971180201272033e-01
6.929543634907926464e-01,1.103841580349840261e-12,4.958971180201272033e-01
6.937550040032025578e-01,1.276512671787510512e-12,4.958971180201272033e-01
6.945556445156125802e-01,1.475626624030227783e-12,4.958971180201272033e-01
6.953562850280224916e-01,1.705142995784025468e-12,4.958971180201272033e-01
6.961569255404324030e-01,1.969600289243520807e-12,4.958971180201272033e-01
6.969575660528423144e-01,2.274198475838169908e-12,4.958971180201272033e-01
6.977582065652522259e-01,2.624892969429860910e-12,4.958971180201272033e-01
6.985588470776621373e-01,3.028501588860084429e-12,4.958971180201272033e-01
6.993594875900720487e-01,3.492826252889240530e-12,4.958971180201272033e-01
7.001601281024820711e-01,4.026791377049732996e-12,4.958971180201272033e-01
7.009607686148919825e-01,4.640601196812800523e-12,4.958971180201272033e-01
7.017614091273018939e-01,5.345918528180115920e-12,4.958971180201272033e-01
7.025620496397118053e-01,6.156067799160975905e-12,4.958971180201272033e-01
7.033626901521217167e-01,7.086265547854216055e-12,4.958971180201272033e-01
7.041633306645316281e-01,8.153881989752378400e-12,4.958971180201272033e-01
7.049639711769415396e-01,9.378737713716592418e-12,4.958971180201272033e-01
7.057646116893515620e-01,1.078344007869982054e-11,4.958971180201272033e-01
7.065652522017614734e-01,1.239376445827402961e-11,4.958971180201272033e-01
7.073658927141713848e-01,1.423908612459796341e-11,4.958971180201272033e-01
7.081665332265812962e-01,1.635286928572883300e-11,4.958971180201272033e-01
7.089671737389912076e-01,1.877322059910864644e-11,4.958971180201272033e-01
7.097678142514011190e-01,2.154351538957489819e-11,4.958971180201272033e-01
7.105684547638111415e-01,2.471310581341447917e-11,4.958971180201272033e-01
7.113690952762210529e-01,2.833812134303745477e-11,4.958971180201272033e-01
7.121697357886309643e-01,3.248237321334674708e-11,4.958971180201272033e-01
7.129703763010408757e-01,3.721837588583118254e-11,4.958971180201272033e-01
7.137710168134507871e-01,4.262850016646803594e-11,4.958971180201272033e-01
7.145716573258606985e-01,4.880627437701809724e-11,4.958971180201272033e-01
7.153722978382706099e-01,5.585785194663491037e-11,4.958971180201272033e-01
7.161729383506806323e-01,6.390366598426265962e-11,4.958971180201272033e-01
7.169735788630905438e-01,7.308029383691092138e-11,4.958971180201272033e-01
7.177742193755004552e-01,8.354255736195815702e-11,4.958971180201272033e-01
7.185748598879103666e-01,9.546588767332364046e-11,4.958971180201272033e-01
7.193755004003202780e-01,1.090489864948683983e-10,4.958971180201272033e-01
7.201761409127301894e-01,1.245168200065360449e-10,4.958971180201272033e-01
7.209767814251401008e-01,1.421239852398306167e-10,4.958971180201272033e-01
7.217774219375501232e-01,1.621584937136338544e-10,4.958971180201272033e-01
7.225780624499600346e-01,1.849460221480273402e-10,4.958971180201272033e-01
7.233787029623699461e-01,2.108546858063703357e-10,4.958971180201272033e-01
7.241793434747798575e-01,2.403003963534100563e-10,4.958971180201272033e-01
7.249799839871897689e-01,2.737528731443962237e-10,4.958971180201272033e-01
7.257806244995996803e-01,3.117423846480980074e-10,4.958971180201272033e-01
7.265812650120097027e-01,3.548673053333212424e-10,4.958971180201272033e-01
7.273819055244196141e-01,4.038025828990774923e-10,4.958971180201272033e-01
7.281825460368295255e-01,4.593092212969383214e-10,4.958971180201272033e-01
7.289831865492394369e-01,5.222448966820302480e-10,4.958971180201272033e-01
7.297838270616493483e-01,5.935758363493391885e-10,4.958971180201272033e-01
7.305844675740592598e-01,6.743901049859902871e-10,4.958971180201272033e-01
7.313851080864691712e-01,7.659124583323434941e-10,4.958971180201272033e-01
7.321857485988791936e-01,8.695209417408763161e-10,4.958971180201272033e-01
7.329863891112891050e-01,9.867654303106367256e-10,4.958971180201272033e-01
7.337870296236990164e-01,1.119388328430754216e-09,4.958971180201272033e-01
7.345876701361089278e-01,1.269347669878711879e-09,4.958971180201272033e-01
7.353883106485188392e-01,1.438842885292400381e-09,4.958971180201272033e-01
7.361889511609287506e-01,1.630343532094900233e-09,4.958971180201272033e-01
7.369895916733386620e-01,1.846621313041187655e-09,4.958971180201272033e-01
7.377902321857486845e-01,2.090785743740051666e-09,4.958971180201272033e-01
7.385908726981585959e-01,2.366323867073340514e-09,4.958971180201272033e-01
7.393915132105685073e-01,2.677144453697613860e-09,4.958971180201272033e-01
7.401921537229784187e-01,3.027627173109696410e-09,4.958971180201272033e-01
7.409927942353883301e-01,3.422677269456746291e-09,4.958971180201272033e-01
7.417934347477982415e-01,3.867786330769738221e-09,4.958971180201272033e-01
7.425940752602082640e-01,4.369099800025122795e-09,4.958971180201272033e-01
7.433947157726181754e-01,4.933491941863193774e-09,4.958971180201272033e-01
7.441953562850280868e-01,5.568649050414127875e-09,4.958971180201272033e-01
7.449959967974379982e-01,6.283161762043346244e-09,4.958971180201272033e-01
7.457966373098479096e-01,7.086627422525547894e-09,4.958971180201272033e-01
7.465972778222578210e-01,7.989763551806553171e-09,4.958971180201272033e-01
7.473979183346677324e-01,9.004533551816317834e-09,4.958971180201272033e-01
7.481985588470777548e-01,1.014428591446981076e-08,4.958971180201272033e-01
7.489991993594876662e-01,1.142390830884053165e-08,4.958971180201272033e-01
7.497998398718975777e-01,1.285999805935805397e-08,4.958971180201272033e-01
7.506004803843074891e-01,1.447105067167378288e-08,4.958971180201272033e-01
7.514011208967174005e-01,1.627766822055552957e-08,4.958971180201272033e-01
7.522017614091273119e-01,1.830278958583566122e-08,4.958971180201272033e-01
7.530024019215372233e-01,2.057194470921085573e-08,4.958971180201272033e-01
7.538030424339472457e-01,2.311353524775238083e-08,4.958971180201272033e-01
7.546036829463571571e-01,2.595914422063313432e-08,4.958971180201272033e-01
7.554043234587670685e-01,2.914387748521812870e-08,4.958971180201272033e-01
7.562049639711769800e-01,3.270674013872798865e-08,4.958971180201272033e-01
7.570056044835868914e-01,3.669105122379969740e-08,4.958971180201272033e-01
7.578062449959968028e-01,4.114490042206368976e-08,4.958971180201272033e-01
7.586068855084067142e-01,4.612165075115548331e-08,4.958971180201272033e-01
7.594075260208167366e-01,5.168049163930428892e-08,4.958971180201272033e-01
7.602081665332266480e-01,5.788704713975042334e-08,4.958971180201272033e-01
7.610088070456365594e-01,6.481404446697904575e-08,4.958971180201272033e-01
7.618094475580464708e-01,7.254204849035208884e-08,4.958971180201272033e-01
7.626100880704563822e-01,8.116026831060753718e-08,4.958971180201272033e-01
7.634107285828662937e-01,9.076744257346754680e-08,4.958971180201272033e-01
7.642113690952763161e-01,1.014728107449449866e-07,4.958971180201272033e-01
7.650120096076862275e-01,1.133971781877563308e-07,4.958971180201272033e-01
7.658126501200961389e-01,1.266740835406245456e-07,4.958971180201272033e-01
7.666132906325060503e-01,1.414510776152702823e-07,4.958971180201272033e-01
7.674139311449159617e-01,1.578911237931005499e-07,4.958971180201272033e-01
7.682145716573258731e-01,1.761741307283599205e-07,4.958971180201272033e-01
7.690152121697357845e-01,1.964986290507412133e-07,4.958971180201272033e-01
7.698158526821458070e-01,2.190836047120856146e-07,4.958971180201272033e-01
7.706164931945557184e-01,2.441705026426790124e-07,4.958971180201272033e-01
7.714171337069656298e-01,2.720254154776504805e-07,4.958971180201272033e-01
7.722177742193755412e-01,3.029414732869156104e-07,4.958971180201272033e-01
7.730184147317854526e-01,3.372414514982581218e-07,4.958971180201272033e-01
7.738190552441953640e-01,3.752806155474027881e-07,4.958971180201272033e-01
7.746196957566052754e-01,4.174498222260539414e-07,4.958971180201272033e-01
7.754203362690152979e-01,4.641788992344562791e-07,4.958971180201272033e-01
7.762209767814252093e-01,5.159403260849235938e-07,4.958971180201272033e-01
7.770216172938351207e-01,5.732532412521182769e-07,4.958971180201272033e-01
7.778222578062450321e-01,6.366878023310826134e-07,4.958971180201272033e-01
7.786228983186549435e-01,7.068699279511306786e-07,4.958971180201272033e-01
7.794235388310648549e-01,7.844864523091945009e-07,4.958971180201272033e-01
7.802241793434748773e-01,8.702907254362498959e-07,4.958971180201272033e-01
7.810248198558847887e-01,9.651086947026632405e-07,4.958971180201272033e-01
7.818254603682947002e-01,1.069845505608140977e-06,4.958971180201272033e-01
7.826261008807046116e-01,1.185492662598068343e-06,4.958971180201272033e-01
7.834267413931145230e-01,1.313135793506396639e-06,4.958971180201272033e-01
7.842273819055244344e-01,1.453963064254278472e-06,4.958971180201272033e-01
7.850280224179343458e-01,1.609274293639547798e-06,4.958971180201272033e-01
7.858286629303443682e-01,1.780490821443446726e-06,4.958971180201272033e-01
7.866293034427542796e-01,1.969166186665552835e-06,4.958971180201272033e-01
7.874299439551641910e-01,2.176997676481817870e-06,4.958971180201272033e-01
7.882305844675741024e-01,2.405838810513252706e-06,4.958971180201272033e-01
7.890312249799840139e-01,2.657712829200726730e-06,4.958971180201272033e-01
7.898318654923939253e-01,2.934827259512602885e-06,4.958971180201272033e-01
7.906325060048038367e-01,3.239589635873815348e-06,4.958971180201272033e-01
7.914331465172138591e-01,3.574624459105976042e-06,4.958971180201272033e-01
7.922337870296237705e-01,3.942791481311671367e-06,4.958971180201272033e-01
7.930344275420336819e-01,4.347205410034380644e-06,4.958971180201272033e-01
7.938350680544435933e-01,4.791257130681179981e-06,4.958971180201272033e-01
7.946357085668535047e-01,5.278636552116064885e-06,4.958971180201272033e-01
7.954363490792634162e-01,5.813357186523050065e-06,4.958971180201272033e-01
7.962369895916734386e-01,6.399782581105792227e-06,4.958971180201272033e-01
7.970376301040833500e-01,7.042654725937914834e-06,4.958971180201272033e-01
7.978382706164932614e-01,7.747124569312381927e-06,4.958971180201272033e-01
7.986389111289031728e-01,8.518784779259117143e-06,4.958971180201272033e-01
7.994395516413130842e-01,9.363704897512322055e-06,4.958971180201272033e-01
8.002401921537229956e-01,1.028846904011039653e-05,4.958971180201272033e-01
8.010408326661329070e-01,1.130021630701280015e-05,4.958971180201272033e-01
8.018414731785429295e-01,1.240668407160703090e-05,4.958971180201272033e-01
8.026421136909528409e-01,1.361625432975648534e-05,4.958971180201272033e-01
8.034427542033627523e-01,1.493800329710843753e-05,4.958971180201272033e-01
8.042433947157726637e-01,1.638175445273632908e-05,4.958971180201272033e-01
8.050440352281825751e-01,1.795813523681423623e-05,4.958971180201272033e-01
8.058446757405924865e-01,1.967863761992047253e-05,4.958971180201272033e-01
8.066453162530023979e-01,2.155568277172393069e-05,4.958971180201272033e-01
8.074459567654124204e-01,2.360269006720661235e-05,4.958971180201272033e-01
8.082465972778223318e-01,2.583415067921928862e-05,4.958971180201272033e-01
8.090472377902322432e-01,2.826570601701741285e-05,4.958971180201272033e-01
8.098478783026421546e-01,3.091423128148832790e-05,4.958971180201272033e-01
8.106485188150520660e-01,3.379792441899377449e-05,4.958971180201272033e-01
8.114491593274619774e-01,3.693640076716666563e-05,4.958971180201272033e-01
8.122497998398719998e-01,4.035079369748567629e-05,4.958971180201272033e-01
8.130504403522819112e-01,4.406386157109472252e-05,4.958971180201272033e-01
8.138510808646918226e-01,4.810010133598260473e-05,4.958971180201272033e-01
8.146517213771017341e-01,5.248586910536656209e-05,4.958971180201272033e-01
8.154523618895116455e-01,5.724950806880297168e-05,4.958971180201272033e-01
8.162530024019215569e-01,6.242148409920273170e-05,4.958971180201272033e-01
8.170536429143314683e-01,6.803452943046315335e-05,4.958971180201272033e-01
8.178542834267414907e-01,7.412379479183111241e-05,4.958971180201272033e-01
8.186549239391514021e-01,8.072701039625306018e-05,4.958971180201272033e-01
8.194555644515613135e-01,8.788465619092908202e-05,4.958971180201272033e-01
8.202562049639712249e-01,9.564014178885010993e-05,4.958971180201272033e-01
8.210568454763811364e-01,1.040399965103034312e-04,4.958971180201272033e-01
8.218574859887910478e-01,1.131340699729986457e-04,4.958971180201272033e-01
8.226581265012009592e-01,1.229757436787095638e-04,4.958971180201272033e-01
8.234587670136109816e-01,1.336221540528271785e-04,4.958971180201272033e-01
8.242594075260208930e-01,1.451344274010621838e-04,4.958971180201272033e-01
8.250600480384308044e-01,1.575779272545333007e-04,4.958971180201272033e-01
8.258606885508407158e-01,1.710225145806604750e-04,4.958971180201272033e-01
8.266613290632506272e-01,1.855428213423297268e-04,4.958971180201272033e-01
8.274619695756605386e-01,2.012185378918763005e-04,4.958971180201272033e-01
8.282626100880704501e-01,2.181347146892400354e-04,4.958971180201272033e-01
8.290632506004804725e-01,2.363820788350170881e-04,4.958971180201272033e-01
8.298638911128903839e-01,2.560573659093117122e-04,4.958971180201272033e-01
8.306645316253002953e-01,2.772636676055973554e-04,4.958971180201272033e-01
8.314651721377102067e-01,3.001107956457126969e-04,4.958971180201272033e-01
8.322658126501201181e-01,3.247156624569620589e-04,4.958971180201272033e-01
8.330664531625300295e-01,3.512026790851556783e-04,4.958971180201272033e-01
8.338670936749400520e-01,3.797041708085241939e-04,4.958971180201272033e-01
8.346677341873499634e-01,4.103608109059142159e-04,4.958971180201272033e-01
8.354683746997598748e-01,4.433220730189323263e-04,4.958971180201272033e-01
8.362690152121697862e-01,4.787467025315662872e-04,4.958971180201272033e-01
8.370696557245796976e-01,5.168032073715952968e-04,4.958971180201272033e-01
8.378702962369896090e-01,5.576703686166516530e-04,4.958971180201272033e-01
8.386709367493995204e-01,6.015377712626711034e-04,4.958971180201272033e-01
8.394715772618095428e-01,6.486063554849490166e-04,4.958971180201272033e-01
8.402722177742194543e-01,6.990889886907287326e-04,4.958971180201272033e-01
8.410728582866293657e-01,7.532110586276856553e-04,4.958971180201272033e-01
8.418734987990392771e-01,8.112110877744420617e-04,4.958971180201272033e-01
8.426741393114491885e-01,8.733413691975754241e-04,4.958971180201272033e-01
8.434747798238590999e-01,9.398686240139489737e-04,4.958971180201272033e-01
8.442754203362690113e-01,1.011074680547375008e-03,4.958971180201272033e-01
8.450760608486790337e-01,1.087257175215003207e-03,4.958971180201272033e-01
8.458767013610889451e-01,1.168730275120813704e-03,4.958971180201272033e-01
8.466773418734988566e-01,1.255825422271063078e-03,4.958971180201272033e-01
8.474779823859087680e-01,1.348892099259940301e-03,4.958971180201272033e-01
8.482786228983186794e-01,1.448298616202302715e-03,4.958971180201272033e-01
8.490792634107285908e-01,1.554432918614696586e-03,4.958971180201272033e-01
8.498799039231386132e-01,1.667703415864328848e-03,4.958971180201272033e-01
8.506805444355485246e-01,1.788539829721273906e-03,4.958971180201272033e-01
8.514811849479584360e-01,1.917394062458007298e-03,4.958971180201272033e-01
8.522818254603683474e-01,2.054741083845862664e-03,4.958971180201272033e-01
8.530824659727782588e-01,2.201079836297784378e-03,4.958971180201272033e-01
8.538831064851881703e-01,2.356934157301726531e-03,4.958971180201272033e-01
8.546837469975980817e-01,2.522853718179606311e-03,4.958971180201272033e-01
8.554843875100081041e-01,2.699414978093119758e-03,4.958971180201272033e-01
8.562850280224180155e-01,2.887222152096473055e-03,4.958971180201272033e-01
8.570856685348279269e-01,3.086908191914214308e-03,4.958971180201272033e-01
8.578863090472378383e-01,3.299135777994052776e-03,4.958971180201272033e-01
8.586869495596477497e-01,3.524598321250980992e-03,4.958971180201272033e-01
8.594875900720576611e-01,3.764020972782607805e-03,4.958971180201272033e-01
8.602882305844675725e-01,4.018161639695857178e-03,4.958971180201272033e-01
8.610888710968775950e-01,4.287812005039828150e-03,4.958971180201272033e-01
8.618895116092875064e-01,4.573798549692383204e-03,4.958971180201272033e-01
8.626901521216974178e-01,4.876983573897149087e-03,4.958971180201272033e-01
8.634907926341073292e-01,5.198266215993584127e-03,4.958971180201272033e-01
8.642914331465172406e-01,5.538583465727388647e-03,4.958971180201272033e-01
8.650920736589271520e-01,5.898911169369802643e-03,4.958971180201272033e-01
8.658927141713371745e-01,6.280265023714171405e-03,4.958971180201272033e-01
8.666933546837470859e-01,6.683701555858712583e-03,4.958971180201272033e-01
8.674939951961569973e-01,7.110319085518789460e-03,4.958971180201272033e-01
8.682946357085669087e-01,7.561258666454314867e-03,4.958971180201272033e-01
8.690952762209768201e-01,8.037705003434328366e-03,4.958971180201272033e-01
8.698959167333867315e-01,8.540887340996606431e-03,4.958971180201272033e-01
8.706965572457966429e-01,9.072080320101805900e-03,4.958971180201272033e-01
8.714971977582066653e-01,9.632604798624508011e-03,4.958971180201272033e-01
8.722978382706165768e-01,1.022382863146394615e-02,4.958971180201272033e-01
8.730984787830264882e-01,1.084716740590772367e-02,4.958971180201272033e-01
8.738991192954363996e-01,1.150408512773233929e-02,4.958971180201272033e-01
8.746997598078463110e-01,1.219609485337927110e-02,4.958971180201272033e-01
8.755004003202562224e-01,1.292475926341114280e-02,4.958971180201272033e-01
8.763010408326661338e-01,1.369169117232038775e-02,4.958971180201272033e-01
8.771016813450761562e-01,1.449855396964246090e-02,4.958971180201272033e-01
8.779023218574860676e-01,1.534706198721586499e-02,4.958971180201272033e-01
8.787029623698959790e-01,1.623898078732538899e-02,4.958971180201272033e-01
8.795036028823058905e-01,1.717612736638028659e-02,4.958971180201272033e-01
8.803042433947158019e-01,1.816037026869641094e-02,4.958971180201272033e-01
8.811048839071257133e-01,1.919362960489080783e-02,4.958971180201272033e-01
8.819055244195357357e-01,2.027787696934333847e-02,4.958971180201272033e-01
8.827061649319456471e-01,2.141513525114349323e-02,4.958971180201272033e-01
8.835068054443555585e-01,2.260747833291956027e-02,4.958971180201272033e-01
8.843074459567654699e-01,2.385703067193833959e-02,4.958971180201272033e-01
8.851080864691753813e-01,2.516596675787825810e-02,4.958971180201272033e-01
8.859087269815852927e-01,2.653651044170177858e-02,4.958971180201272033e-01
8.867093674939952042e-01,2.797093413010363905e-02,4.958971180201272033e-01
8.875100080064052266e-01,2.947155784007303783e-02,4.958971180201272033e-01
8.883106485188151380e-01,3.104074810820118407e-02,4.958971180201272033e-01
8.891112890312250494e-01,3.268091674946461966e-02,4.958971180201272033e-01
8.899119295436349608e-01,3.439451946035141511e-02,4.958971180201272033e-01
8.907125700560448722e-01,3.618405426135630487e-02,4.958971180201272033e-01
8.915132105684547836e-01,3.805205977404055306e-02,4.958971180201272033e-01
8.923138510808646950e-01,4.000111332805578873e-02,4.958971180201272033e-01
8.931144915932747175e-01,4.203382889376663240e-02,4.958971180201272033e-01
8.939151321056846289e-01,4.415285483636290781e-02,4.958971180201272033e-01
8.947157726180945403e-01,4.636087148761597332e-02,4.958971180201272033e-01
8.955164131305044517e-01,4.866058853177068766e-02,4.958971180201272033e-01
8.963170536429143631e-01,5.105474220236566607e-02,4.958971180201272033e-01
8.971176941553242745e-01,5.354609228717301800e-02,4.958971180201272033e-01
8.979183346677341859e-01,5.613741893880606904e-02,4.958971180201272033e-01
8.987189751801442084e-01,5.883151928896617616e-02,4.958971180201272033e-01
8.995196156925541198e-01,6.163120386475737233e-02,4.958971180201272033e-01
9.003202562049640312e-01,6.453929280596022722e-02,4.958971180201272033e-01
9.011208967173739426e-01,6.755861188261792771e-02,4.958971180201272033e-01
9.019215372297838540e-01,7.069198831288703300e-02,4.958971180201272033e-01
9.027221777421937654e-01,7.394224638155412477e-02,4.958971180201272033e-01
9.035228182546037878e-01,7.731220286026356525e-02,4.958971180201272033e-01
9.043234587670136992e-01,8.080466223106309853e-02,4.958971180201272033e-01
9.051240992794236107e-01,8.442241171549523526e-02,4.958971180201272033e-01
9.059247397918335221e-01,8.816821611209940679e-02,4.958971180201272033e-01
9.067253803042434335e-01,9.204481244584147848e-02,4.958971180201272033e-01
9.075260208166533449e-01,9.605490443367908915e-02,4.958971180201272033e-01
9.083266613290632563e-01,1.002011567711607459e-01,4.958971180201272033e-01
9.091273018414732787e-01,1.044861892456308144e-01,4.958971180201272033e-01
9.099279423538831901e-01,1.089125706823957790e-01,4.958971180201272033e-01
9.107285828662931015e-01,1.134828127308694090e-01,4.958971180201272033e-01
9.115292233787030129e-01,1.181993634985226554e-01,4.958971180201272033e-01
9.123298638911129244e-01,1.230646010411763358e-01,4.958971180201272033e-01
9.131305044035228358e-01,1.280808267189423033e-01,4.958971180201272033e-01
9.139311449159327472e-01,1.332502584278656421e-01,4.958971180201272033e-01
9.147317854283427696e-01,1.385750237180815581e-01,4.958971180201272033e-01
9.155324259407526810e-01,1.440571528100653143e-01,4.958971180201272033e-01
9.163330664531625924e-01,1.496985715213128842e-01,4.958971180201272033e-01
9.171337069655725038e-01,1.555010941164575444e-01,4.958971180201272033e-01
9.179343474779824152e-01,1.614664160946962523e-01,4.958971180201272033e-01
9.187349879903923267e-01,1.675961069289463590e-01,4.958971180201272033e-01
9.195356285028023491e-01,1.738916027720002477e-01,4.958971180201272033e-01
9.203362690152122605e-01,1.803541991455012705e-01,4.958971180201272033e-01
9.211369095276221719e-01,1.869850436283204964e-01,4.958971180201272033e-01
9.219375500400320833e-01,1.937851285614667907e-01,4.958971180201272033e-01
9.227381905524419947e-01,2.007552837872905727e-01,4.958971180201272033e-01
9.235388310648519061e-01,2.078961694412871375e-01,4.958971180201272033e-01
9.243394715772618175e-01,2.152082688153576506e-01,4.958971180201272033e-01
9.251401120896718400e-01,2.226918813118375917e-01,4.958971180201272033e-01
9.259407526020817514e-01,2.303471155080601407e-01,4.958971180201272033e-01
9.267413931144916628e-01,2.381738823516395820e-01,4.958971180201272033e-01
9.275420336269015742e-01,2.461718885069662244e-01,4.958971180201272033e-01
9.283426741393114856e-01,2.543406298737245219e-01,4.958971180201272033e-01
9.291433146517213970e-01,2.626793852984840583e-01,4.958971180201272033e-01
9.299439551641313084e-01,2.711872105006443712e-01,4.958971180201272033e-01
9.307445956765413309e-01,2.798629322339345471e-01,4.958971180201272033e-01
9.315452361889512423e-01,2.887051427050670860e-01,4.958971180201272033e-01
9.323458767013611537e-01,2.977121942708301217e-01,4.958971180201272033e-01
9.331465172137710651e-01,3.068821944350178521e-01,4.958971180201272033e-01
9.339471577261809765e-01,3.162130011663463192e-01,4.958971180201272033e-01
9.347477982385908879e-01,3.257022185583270946e-01,4.958971180201272033e-01
9.355484387510009103e-01,3.353471928518177436e-01,4.958971180201272033e-01
9.363490792634108217e-01,3.451450088406588512e-01,4.958971180201272033e-01
9.371497197758207331e-01,3.550924866801578039e-01,4.958971180201272033e-01
9.379503602882306446e-01,3.651861791179380479e-01,4.958971180201272033e-01
9.387510008006405560e-01,3.754223691659052120e-01,4.958971180201272033e-01
9.395516413130504674e-01,3.857970682315539079e-01,4.958971180201272033e-01
9.403522818254603788e-01,3.963060147259744870e-01,4.958971180201272033e-01
9.411529223378704012e-01,4.069446731651477078e-01,4.958971180201272033e-01
9.419535628502803126e-01,4.177082337803920131e-01,4.958971180201272033e-01
9.427542033626902240e-01,4.285916126526225223e-01,4.958971180201272033e-01
9.435548438751001354e-01,4.395894523841936130e-01,4.958971180201272033e-01
9.443554843875100469e-01,4.506961233210114992e-01,4.958971180201272033e-01
9.451561248999199583e-01,4.619057253363376692e-01,4.958971180201272033e-01
9.459567654123298697e-01,4.732120901865799478e-01,4.958971180201272033e-01
9.467574059247398921e-01,4.846087844479209927e-01,4.958971180201272033e-01
9.475580464371498035e-01,4.960891130415348016e-01,4.958971180201272033e-01
9.483586869495597149e-01,5.076461233534150796e-01,4.958971180201272033e-01
9.491593274619696263e-01,5.192726099535923678e-01,4.958971180201272033e-01
9.499599679743795377e-01,5.309611199178966290e-01,4.958971180201272033e-01
9.507606084867894491e-01,5.427039587538599053e-01,4.958971180201272033e-01
9.515612489991994716e-01,5.544931969307979047e-01,4.958971180201272033e-01
9.523618895116093830e-01,5.663206770124359357e-01,4.958971180201272033e-01
9.531625300240192944e-01,5.781780213887890429e-01,4.958971180201272033e-01
9.539631705364292058e-01,5.900566406022647037e-01,4.958971180201272033e-01
9.547638110488391172e-01,6.019477422611689832e-01,4.958971180201272033e-01
9.555644515612490286e-01,6.138423405322914750e-01,4.958971180201272033e-01
9.563650920736589400e-01,6.257312662021965455e-01,4.958971180201272033e-01
9.571657325860689625e-01,6.376051772953427177e-01,4.958971180201272033e-01
9.579663730984788739e-01,6.494545702352204630e-01,4.958971180201272033e-01
9.587670136108887853e-01,6.612697915331714471e-01,4.958971180201272033e-01
9.595676541232986967e-01,6.730410499873261676e-01,4.958971180201272033e-01
9.603682946357086081e-01,6.847584293733297578e-01,4.958971180201272033e-01
9.611689351481185195e-01,6.964119016057582767e-01,4.958971180201272033e-01
9.619695756605284309e-01,7.079913403480472267e-01,4.958971180201272033e-01
9.627702161729384533e-01,7.194865350472140486e-01,4.958971180201272033e-01
9.635708566853483648e-01,7.308872053678657776e-01,4.958971180201272033e-01
9.643714971977582762e-01,7.421830159987028441e-01,4.958971180201272033e-01
9.651721377101681876e-01,7.533635918030565648e-01,4.958971180201272033e-01
9.659727782225780990e-01,7.644185332837009073e-01,4.958971180201272033e-01
9.667734187349880104e-01,7.753374323307092864e-01,4.958971180201272033e-01
9.675740592473979218e-01,7.861098882199069049e-01,4.958971180201272033e-01
9.683746997598079442e-01,7.967255238284886021e-01,4.958971180201272033e-01
9.691753402722178556e-01,8.071740020334432497e-01,4.958971180201272033e-01
9.699759807846277671e-01,8.174450422575725295e-01,4.958971180201272033e-01
9.707766212970376785e-01,8.275284371267702666e-01,4.958971180201272033e-01
9.715772618094475899e-01,8.374140692008016362e-01,4.958971180201272033e-01
9.723779023218575013e-01,8.470919277391151248e-01,4.958971180201272033e-01
9.731785428342675237e-01,8.565521254627694869e-01,4.958971180201272033e-01
9.739791833466774351e-01,8.657849152736918352e-01,4.958971180201272033e-01
9.747798238590873465e-01,8.747807068934791985e-01,4.958971180201272033e-01
9.755804643714972579e-01,8.835300833838481971e-01,4.958971180201272033e-01
9.763811048839071693e-01,8.920238175094546973e-01,4.958971180201272033e-01
9.771817453963170808e-01,9.002528879019909835e-01,4.958971180201272033e-01
9.779823859087269922e-01,9.082084949821112030e-01,4.958971180201272033e-01
9.787830264211370146e-01,9.158820765968017641e-01,4.958971180201272033e-01
9.795836669335469260e-01,9.232653233337430043e-01,4.958971180201272033e-01
9.803843074459568374e-01,9.303501934799520701e-01,4.958971180201272033e-01
9.811849479583667488e-01,9.371289275962156884e-01,4.958971180201272033e-01
9.819855884707766602e-01,9.435940626775844997e-01,4.958971180201272033e-01
9.827862289831865716e-01,9.497384458611530800e-01,4.958971180201272033e-01
9.835868694955964830e-01,9.555552476305798626e-01,4.958971180201272033e-01
9.843875100080065055e-01,9.610379744604866659e-01,4.958971180201272033e-01
9.851881505204164169e-01,9.661804808505887188e-01,4.958971180201272033e-01
9.859887910328263283e-01,9.709769807243244788e-01,4.958971180201272033e-01
9.867894315452362397e-01,9.754220581988540806e-01,4.958971180201272033e-01
9.875900720576461511e-01,9.795106777567358369e-01,4.958971180201272033e-01
9.883907125700560625e-01,9.832381938434900936e-01,4.958971180201272033e-01
9.891913530824660850e-01,9.866003598704238264e-01,4.958971180201272033e-01
9.899919935948759964e-01,9.895933365297742146e-01,4.958971180201272033e-01
9.907926341072859078e-01,9.922136992616249485e-01,4.958971180201272033e-01
9.915932746196958192e-01,9.944584446963371516e-01,4.958971180201272033e-01
9.923939151321057306e-01,9.963249959663090793e-01,4.958971180201272033e-01
9.931945556445156420e-01,9.978112069454380118e-01,4.958971180201272033e-01
9.939951961569255534e-01,9.989153656906921697e-01,4.958971180201272033e-01
9.947958366693355758e-01,9.996361975325173121e-01,4.958971180201272033e-01
9.955964771817454873e-01,9.999728682240640598e-01,4.958971180201272033e-01
9.963971176941553987e-01,9.999249870870042800e-01,4.958971180201272033e-01
9.971977582065653101e-01,9.994926091792306622e-01,4.958971180201272033e-01
9.979983987189752215e-01,9.986762351913167635e-01,4.958971180201272033e-01
9.987990392313851329e-01,9.974768091456367447e-01,4.958971180201272033e-01
9.995996797437950443e-01,9.958957151840507338e-01,4.958971180201272033e-01
