x, u, time
4.003202562049639444e-04,6.061666307947970456e-01,4.595509874723675003e-01
1.200960768614891833e-03,5.942732509325949763e-01,4.595509874723675003e-01
2.001601281024820156e-03,5.823891880223678319e-01,4.595509874723675003e-01
2.802241793434748045e-03,5.705233041820341189e-01,4.595509874723675003e-01
3.602882305844675934e-03,5.586842618965156548e-01,4.595509874723675003e-01
4.403522818254604690e-03,5.468805148977287089e-01,4.595509874723675003e-01
5.204163330664531711e-03,5.351202996293035197e-01,4.595509874723675003e-01
6.004803843074460468e-03,5.234116273033173616e-01,4.595509874723675003e-01
6.805444355484387489e-03,5.117622765546289143e-01,4.595509874723675003e-01
7.606084867894316245e-03,5.001797866968552553e-01,4.595509874723675003e-01
8.406725380304245002e-03,4.886714515820159699e-01,4.595509874723675003e-01
9.207365892714172023e-03,4.772443140646158710e-01,4.595509874723675003e-01
1.000800640512410078e-02,4.659051610690079226e-01,4.595509874723675003e-01
1.080864691753402780e-02,4.546605192574346144e-01,4.595509874723675003e-01
1.160928742994395656e-02,4.435166512946085993e-01,4.595509874723675003e-01
1.240992794235388358e-02,4.324795527030420583e-01,4.595509874723675003e-01
1.321056845476381233e-02,4.215549493022293648e-01,4.595509874723675003e-01
1.401120896717374109e-02,4.107482952230590012e-01,4.595509874723675003e-01
1.481184947958366811e-02,4.000647714877386685e-01,4.595509874723675003e-01
1.561248999199359687e-02,3.895092851441702697e-01,4.595509874723675003e-01
1.641313050440352389e-02,3.790864689425211265e-01,4.595509874723675003e-01
1.721377101681344918e-02,3.688006815406923433e-01,4.595509874723675003e-01
1.801441152922337793e-02,3.586560082241486147e-01,4.595509874723675003e-01
1.881505204163330669e-02,3.486562621247613625e-01,4.595509874723675003e-01
1.961569255404323545e-02,3.388049859224208649e-01,4.595509874723675003e-01
2.041633306645316420e-02,3.291054540122099747e-01,4.595509874723675003e-01
2.121697357886308949e-02,3.195606751191991113e-01,4.595509874723675003e-01
2.201761409127301825e-02,3.101733953423627121e-01,4.595509874723675003e-01
2.281825460368294700e-02,3.009461016083034290e-01,4.595509874723675003e-01
2.361889511609287576e-02,2.918810255151337851e-01,4.595509874723675003e-01
2.441953562850280104e-02,2.829801475463342708e-01,4.595509874723675003e-01
2.522017614091272980e-02,2.742452016338898790e-01,4.595509874723675003e-01
2.602081665332265856e-02,2.656776800499612290e-01,4.595509874723675003e-01
2.682145716573258731e-02,2.572788386058896815e-01,4.595509874723675003e-01
2.762209767814251607e-02,2.490497021372470865e-01,4.595509874723675003e-01
2.842273819055244136e-02,2.409910702535296712e-01,4.595509874723675003e-01
2.922337870296237011e-02,2.331035233311385679e-01,4.595509874723675003e-01
3.002401921537229887e-02,2.253874287282045530e-01,4.595509874723675003e-01
3.082465972778222763e-02,2.178429472000068812e-01,4.595509874723675003e-01
3.162530024019215291e-02,2.104700394938466002e-01,4.595509874723675003e-01
3.242594075260208514e-02,2.032684731025203306e-01,4.595509874723675003e-01
3.322658126501201042e-02,1.962378291556907406e-01,4.595509874723675003e-01
3.402722177742193571e-02,1.893775094289332772e-01,4.595509874723675003e-01
3.482786228983186794e-02,1.826867434505491938e-01,4.595509874723675003e-01
3.562850280224179322e-02,1.761645956865676432e-01,4.595509874723675003e-01
3.642914331465172545e-02,1.698099727850218843e-01,4.595509874723675003e-01
3.722978382706165074e-02,1.636216308609388936e-01,4.595509874723675003e-01
3.803042433947157602e-02,1.575981828040930732e-01,4.595509874723675003e-01
3.883106485188150825e-02,1.517381055921670219e-01,4.595509874723675003e-01
3.963170536429143354e-02,1.460397475925359068e-01,4.595509874723675003e-01
4.043234587670136576e-02,1.405013358365843346e-01,4.595509874723675003e-01
4.123298638911129105e-02,1.351209832511002240e-01,4.595509874723675003e-01
4.203362690152121633e-02,1.298966958320147413e-01,4.595509874723675003e-01
4.283426741393114856e-02,1.248263797464035096e-01,4.595509874723675003e-01
4.363490792634107385e-02,1.199078483494600139e-01,4.595509874723675003e-01
4.443554843875099913e-02,1.151388291038405315e-01,4.595509874723675003e-01
4.523618895116093136e-02,1.105169703895501898e-01,4.595509874723675003e-01
4.603682946357085665e-02,1.060398481932807030e-01,4.595509874723675003e-01
4.683746997598078887e-02,1.017049726668756843e-01,4.595509874723675003e-01
4.763811048839071416e-02,9.750979454534518254e-02,4.595509874723675003e-01
4.843875100080063945e-02,9.345171141563832218e-02,4.595509874723675003e-01
4.923939151321057167e-02,8.952807382807052849e-02,4.595509874723675003e-01
5.004003202562049696e-02,8.573619124313458517e-02,4.595509874723675003e-01
5.084067253803042918e-02,8.207333780707558313e-02,4.595509874723675003e-01
5.164131305044035447e-02,7.853675795040152008e-02,4.595509874723675003e-01
5.244195356285027976e-02,7.512367180419046719e-02,4.595509874723675003e-01
5.324259407526021198e-02,7.183128042972580785e-02,4.595509874723675003e-01
5.404323458767013727e-02,6.865677085772416144e-02,4.595509874723675003e-01
5.484387510008006950e-02,6.559732093404745112e-02,4.595509874723675003e-01
5.564451561248999478e-02,6.265010396946076032e-02,4.595509874723675003e-01
5.644515612489992007e-02,5.981229319158473667e-02,4.595509874723675003e-01
5.724579663730985229e-02,5.708106599783906165e-02,4.595509874723675003e-01
5.804643714971977758e-02,5.445360800871308637e-02,4.595509874723675003e-01
5.884707766212970981e-02,5.192711692127621043e-02,4.595509874723675003e-01
5.964771817453963509e-02,4.949880616336530675e-02,4.595509874723675003e-01
6.044835868694956038e-02,4.716590834938010762e-02,4.595509874723675003e-01
6.124899919935949261e-02,4.492567853911828141e-02,4.595509874723675003e-01
6.204963971176941789e-02,4.277539730150464042e-02,4.595509874723675003e-01
6.285028022417935012e-02,4.071237358551907382e-02,4.595509874723675003e-01
6.365092073658927541e-02,3.873394740102013845e-02,4.595509874723675003e-01
6.445156124899921457e-02,3.683749231251663009e-02,4.595509874723675003e-01
6.525220176140913986e-02,3.502041774930305523e-02,4.595509874723675003e-01
6.605284227381906514e-02,3.328017113568790264e-02,4.595509874723675003e-01
6.685348278622899043e-02,3.161423984532331366e-02,4.595509874723675003e-01
6.765412329863891572e-02,3.002015298392334691e-02,4.595509874723675003e-01
6.845476381104885488e-02,2.849548300488961849e-02,4.595509874723675003e-01
6.925540432345878017e-02,2.703784716257436049e-02,4.595509874723675003e-01
7.005604483586870546e-02,2.564490880810470566e-02,4.595509874723675003e-01
7.085668534827863074e-02,2.431437853284498796e-02,4.595509874723675003e-01
7.165732586068855603e-02,2.304401516472295852e-02,4.595509874723675003e-01
7.245796637309849519e-02,2.183162662276042637e-02,4.595509874723675003e-01
7.325860688550842048e-02,2.067507063523506272e-02,4.595509874723675003e-01
7.405924739791834577e-02,1.957225532698565404e-02,4.595509874723675003e-01
7.485988791032827105e-02,1.852113968141658532e-02,4.595509874723675003e-01
7.566052842273819634e-02,1.751973388279358043e-02,4.595509874723675003e-01
7.646116893514813551e-02,1.656609954444060798e-02,4.595509874723675003e-01
7.726180944755806079e-02,1.565834982844363857e-02,4.595509874723675003e-01
7.806244995996798608e-02,1.479464946245148335e-02,4.595509874723675003e-01
7.886309047237791137e-02,1.397321465913067655e-02,4.595509874723675003e-01
7.966373098478783665e-02,1.319231294378773664e-02,4.595509874723675003e-01
8.046437149719777582e-02,1.245026289560367989e-02,4.595509874723675003e-01
8.126501200960770110e-02,1.174543380786588140e-02,4.595509874723675003e-01
8.206565252201762639e-02,1.107624527247997627e-02,4.595509874723675003e-01
8.286629303442755168e-02,1.044116669396446054e-02,4.595509874723675003e-01
8.366693354683747696e-02,9.838716738011647409e-03,4.595509874723675003e-01
8.446757405924741613e-02,9.267462719586587114e-03,4.595509874723675003e-01
8.526821457165734142e-02,8.726019935408203809e-03,4.595509874723675003e-01
8.606885508406726670e-02,8.213050945524411756e-03,4.595509874723675003e-01
8.686949559647719199e-02,7.727264808548764581e-03,4.595509874723675003e-01
8.767013610888711728e-02,7.267416274981561460e-03,4.595509874723675003e-01
8.847077662129704256e-02,6.832304942888530255e-03,4.595509874723675003e-01
8.927141713370698173e-02,6.420774380052557753e-03,4.595509874723675003e-01
9.007205764611690701e-02,6.031711216558198821e-03,4.595509874723675003e-01
9.087269815852683230e-02,5.664044211604517785e-03,4.595509874723675003e-01
9.167333867093675759e-02,5.316743298185131611e-03,4.595509874723675003e-01
9.247397918334668288e-02,4.988818609109243844e-03,4.595509874723675003e-01
9.327461969575662204e-02,4.679319487675892217e-03,4.595509874723675003e-01
9.407526020816654733e-02,4.387333486149430813e-03,4.595509874723675003e-01
9.487590072057647261e-02,4.111985355025697501e-03,4.595509874723675003e-01
9.567654123298639790e-02,3.852436025914878631e-03,4.595509874723675003e-01
9.647718174539632319e-02,3.607881590710636504e-03,4.595509874723675003e-01
9.727782225780626235e-02,3.377552279557627726e-03,4.595509874723675003e-01
9.807846277021618764e-02,3.160711439973321740e-03,4.595509874723675003e-01
9.887910328262611293e-02,2.956654519330744173e-03,4.595509874723675003e-01
9.967974379503603821e-02,2.764708052758096772e-03,4.595509874723675003e-01
1.004803843074459635e-01,2.584228658366018866e-03,4.595509874723675003e-01
1.012810248198559027e-01,2.414602041572658578e-03,4.595509874723675003e-01
1.020816653322658280e-01,2.255242010156492585e-03,4.595509874723675003e-01
1.028823058446757532e-01,2.105589501534695009e-03,4.595509874723675003e-01
1.036829463570856785e-01,1.965111623634065684e-03,4.595509874723675003e-01
1.044835868694956038e-01,1.833300710596435373e-03,4.595509874723675003e-01
1.052842273819055430e-01,1.709673394440440692e-03,4.595509874723675003e-01
1.060848678943154683e-01,1.593769693683801895e-03,4.595509874723675003e-01
1.068855084067253935e-01,1.485152119820796731e-03,4.595509874723675003e-01
1.076861489191353188e-01,1.383404802441736293e-03,4.595509874723675003e-01
1.084867894315452441e-01,1.288132633680018390e-03,4.595509874723675003e-01
1.092874299439551833e-01,1.198960432575730661e-03,4.595509874723675003e-01
1.100880704563651086e-01,1.115532129852150759e-03,4.595509874723675003e-01
1.108887109687750339e-01,1.037509973515159806e-03,4.595509874723675003e-01
1.116893514811849591e-01,9.645737556024661574e-04,4.595509874723675003e-01
1.124899919935948844e-01,8.964200603321634047e-04,4.595509874723675003e-01
1.132906325060048236e-01,8.327615338273947282e-04,4.595509874723675003e-01
1.140912730184147489e-01,7.733261755252389446e-04,4.595509874723675003e-01
1.148919135308246742e-01,7.178566513140019782e-04,4.595509874723675003e-01
1.156925540432345995e-01,6.661096283838200370e-04,4.595509874723675003e-01
1.164931945556445247e-01,6.178551317199349260e-04,4.595509874723675003e-01
1.172938350680544639e-01,5.728759221171491646e-04,4.595509874723675003e-01
1.180944755804643892e-01,5.309668955467124283e-04,4.595509874723675003e-01
1.188951160928743145e-01,4.919345036639449385e-04,4.595509874723675003e-01
1.196957566052842398e-01,4.555961952052156052e-04,4.595509874723675003e-01
1.204963971176941651e-01,4.217798779872178696e-04,4.595509874723675003e-01
1.212970376301040903e-01,3.903234011891981107e-04,4.595509874723675003e-01
1.220976781425140295e-01,3.610740575696999490e-04,4.595509874723675003e-01
1.228983186549239548e-01,3.338881052435265255e-04,4.595509874723675003e-01
1.236989591673338801e-01,3.086303086219077652e-04,4.595509874723675003e-01
1.244995996797438054e-01,2.851734980987913272e-04,4.595509874723675003e-01
1.253002401921537168e-01,2.633981480490877746e-04,4.595509874723675003e-01
1.261008807045636559e-01,2.431919726900378862e-04,4.595509874723675003e-01
1.269015212169735674e-01,2.244495393445900314e-04,4.595509874723675003e-01
1.277021617293835065e-01,2.070718986358853736e-04,4.595509874723675003e-01
1.285028022417934457e-01,1.909662311340739986e-04,4.595509874723675003e-01
1.293034427542033571e-01,1.760455099710764076e-04,4.595509874723675003e-01
1.301040832666132963e-01,1.622281789349084950e-04,4.595509874723675003e-01
1.309047237790232077e-01,1.494378455530926168e-04,4.595509874723675003e-01
1.317053642914331468e-01,1.376029886742377085e-04,4.595509874723675003e-01
1.325060048038430860e-01,1.266566800576966810e-04,4.595509874723675003e-01
1.333066453162529974e-01,1.165363194837019148e-04,4.595509874723675003e-01
1.341072858286629366e-01,1.071833828998968276e-04,4.595509874723675003e-01
1.349079263410728480e-01,9.854318312491434299e-05,4.595509874723675003e-01
1.357085668534827871e-01,9.056464263552222544e-05,4.595509874723675003e-01
1.365092073658927263e-01,8.320007797044860916e-05,4.595509874723675003e-01
1.373098478783026377e-01,7.640499529167193711e-05,4.595509874723675003e-01
1.381104883907125769e-01,7.013789665216822744e-05,4.595509874723675003e-01
1.389111289031224883e-01,6.436009652813838816e-05,4.595509874723675003e-01
1.397117694155324275e-01,5.903554818322449420e-05,4.595509874723675003e-01
1.405124099279423666e-01,5.413067944226482542e-05,4.595509874723675003e-01
1.413130504403522780e-01,4.961423746259571217e-05,4.595509874723675003e-01
1.421136909527622172e-01,4.545714210172170156e-05,4.595509874723675003e-01
1.429143314651721286e-01,4.163234749125990520e-05,4.595509874723675003e-01
1.437149719775820678e-01,3.811471143836704786e-05,4.595509874723675003e-01
1.445156124899920069e-01,3.488087228738459447e-05,4.595509874723675003e-01
1.453162530024019183e-01,3.190913288603887887e-05,4.595509874723675003e-01
1.461168935148118575e-01,2.917935131219211902e-05,4.595509874723675003e-01
1.469175340272217689e-01,2.667283802887836905e-05,4.595509874723675003e-01
1.477181745396317081e-01,2.437225914702767566e-05,4.595509874723675003e-01
1.485188150520416472e-01,2.226154548693974267e-05,4.595509874723675003e-01
1.493194555644515586e-01,2.032580714110594839e-05,4.595509874723675003e-01
1.501200960768614978e-01,1.855125325242220610e-05,4.595509874723675003e-01
1.509207365892714092e-01,1.692511673312238651e-05,4.595509874723675003e-01
1.517213771016813484e-01,1.543558366088660345e-05,4.595509874723675003e-01
1.525220176140912876e-01,1.407172709950070450e-05,4.595509874723675003e-01
1.533226581265011990e-01,1.282344510216503107e-05,4.595509874723675003e-01
1.541232986389111381e-01,1.168140266603586572e-05,4.595509874723675003e-01
1.549239391513210495e-01,1.063697741683313843e-05,4.595509874723675003e-01
1.557245796637309887e-01,9.682208812331925544e-06,4.595509874723675003e-01
1.565252201761409279e-01,8.809750663283518219e-06,4.595509874723675003e-01
1.573258606885508393e-01,8.012826779762967906e-06,4.595509874723675003e-01
1.581265012009607784e-01,7.285189560103403632e-06,4.595509874723675003e-01
1.589271417133706898e-01,6.621081348467485649e-06,4.595509874723675003e-01
1.597277822257806290e-01,6.015198395693770619e-06,4.595509874723675003e-01
1.605284227381905682e-01,5.462657266359040335e-06,4.595509874723675003e-01
1.613290632506004796e-01,4.958963543005890132e-06,4.595509874723675003e-01
1.621297037630104187e-01,4.499982686200985872e-06,4.595509874723675003e-01
1.629303442754203302e-01,4.081912916510865573e-06,4.595509874723675003e-01
1.637309847878302693e-01,3.701259991620498073e-06,4.595509874723675003e-01
1.645316253002402085e-01,3.354813758665299681e-06,4.595509874723675003e-01
1.653322658126501199e-01,3.039626368416645364e-06,4.595509874723675003e-01
1.661329063250600591e-01,2.752992044247282891e-06,4.595509874723675003e-01
1.669335468374699705e-01,2.492428304820803540e-06,4.595509874723675003e-01
1.677341873498799096e-01,2.255658545198118180e-06,4.595509874723675003e-01
1.685348278622898488e-01,2.040595886541179621e-06,4.595509874723675003e-01
1.693354683746997602e-01,1.845328209829024268e-06,4.595509874723675003e-01
1.701361088871096994e-01,1.668104293986992195e-06,4.595509874723675003e-01
1.709367493995196108e-01,1.507320983575673600e-06,4.595509874723675003e-01
1.717373899119295499e-01,1.361511315697818008e-06,4.595509874723675003e-01
1.725380304243394614e-01,1.229333540068895265e-06,4.595509874723675003e-01
1.733386709367494005e-01,1.109560970263883389e-06,4.595509874723675003e-01
1.741393114491593397e-01,1.001072608011046144e-06,4.595509874723675003e-01
1.749399519615692511e-01,9.028444860573037614e-07,4.595509874723675003e-01
1.757405924739791903e-01,8.139416785884364819e-07,4.595509874723675003e-01
1.765412329863891017e-01,7.335109314591409827e-07,4.595509874723675003e-01
1.773418734987990408e-01,6.607738675777857956e-07,4.595509874723675003e-01
1.781425140112089800e-01,5.950207257095101866e-07,4.595509874723675003e-01
1.789431545236188914e-01,5.356045937136592883e-07,4.595509874723675003e-01
1.797437950360288306e-01,4.819360998265252971e-07,4.595509874723675003e-01
1.805444355484387420e-01,4.334785280436982131e-07,4.595509874723675003e-01
1.813450760608486811e-01,3.897433259561491467e-07,4.595509874723675003e-01
1.821457165732586203e-01,3.502859755566753000e-07,4.595509874723675003e-01
1.829463570856685317e-01,3.147021995651133982e-07,4.595509874723675003e-01
1.837469975980784709e-01,2.826244777285957316e-07,4.595509874723675003e-01
1.845476381104883823e-01,2.537188493427729307e-07,4.595509874723675003e-01
1.853482786228983215e-01,2.276819799180287245e-07,4.595509874723675003e-01
1.861489191353082606e-01,2.042384714866207393e-07,4.595509874723675003e-01
1.869495596477181720e-01,1.831383975180632898e-07,4.595509874723675003e-01
1.877502001601281112e-01,1.641550447867785743e-07,4.595509874723675003e-01
1.885508406725380226e-01,1.470828458226598533e-07,4.595509874723675003e-01
1.893514811849479618e-01,1.317354867773333828e-07,4.595509874723675003e-01
1.901521216973579009e-01,1.179441766608561017e-07,4.595509874723675003e-01
1.909527622097678123e-01,1.055560649503232182e-07,4.595509874723675003e-01
1.917534027221777515e-01,9.443279554754424581e-08,4.595509874723675003e-01
1.925540432345876629e-01,8.444918597190032098e-08,4.595509874723675003e-01
1.933546837469976021e-01,7.549202152063344187e-08,4.595509874723675003e-01
1.941553242594075412e-01,6.745895491603296646e-08,4.595509874723675003e-01
1.949559647718174527e-01,6.025750269083515111e-08,4.595509874723675003e-01
1.957566052842273918e-01,5.380413024306196560e-08,4.595509874723675003e-01
1.965572457966373032e-01,4.802341812290720722e-08,4.595509874723675003e-01
1.973578863090472424e-01,4.284730270002602178e-08,4.595509874723675003e-01
1.981585268214571816e-01,3.821438490280850900e-08,4.595509874723675003e-01
1.989591673338670930e-01,3.406930122458133513e-08,4.595509874723675003e-01
1.997598078462770321e-01,3.036215165787040221e-08,4.595509874723675003e-01
2.005604483586869435e-01,2.704797964932337887e-08,4.595509874723675003e-01
2.013610888710968827e-01,2.408629956697024896e-08,4.595509874723675003e-01
2.021617293835068219e-01,2.144066754041595682e-08,4.595509874723675003e-01
2.029623698959167333e-01,1.907829187534837918e-08,4.595509874723675003e-01
2.037630104083266724e-01,1.696967955837788245e-08,4.595509874723675003e-01
2.045636509207365838e-01,1.508831565854552487e-08,4.595509874723675003e-01
2.053642914331465230e-01,1.341037269953590403e-08,4.595509874723675003e-01
2.061649319455564622e-01,1.191444732333313751e-08,4.595509874723675003e-01
2.069655724579663736e-01,1.058132179328285065e-08,4.595509874723675003e-01
2.077662129703763128e-01,9.393748093675283117e-09,4.595509874723675003e-01
2.085668534827862242e-01,8.336252575362950338e-09,4.595509874723675003e-01
2.093674939951961633e-01,7.394959273821971606e-09,4.595509874723675003e-01
2.101681345076061025e-01,6.557430188602994916e-09,4.595509874723675003e-01
2.109687750200160139e-01,5.812520962382053351e-09,4.595509874723675003e-01
2.117694155324259531e-01,5.150250534805827291e-09,4.595509874723675003e-01
2.125700560448358645e-01,4.561683471983534709e-09,4.595509874723675003e-01
2.133706965572458036e-01,4.038823787667086849e-09,4.595509874723675003e-01
2.141713370696557428e-01,3.574519177700728905e-09,4.595509874723675003e-01
2.149719775820656542e-01,3.162374685960392460e-09,4.595509874723675003e-01
2.157726180944755934e-01,2.796674908445476347e-09,4.595509874723675003e-01
2.165732586068855048e-01,2.472313923080037414e-09,4.595509874723675003e-01
2.173738991192954439e-01,2.184732206728937722e-09,4.595509874723675003e-01
2.181745396317053831e-01,1.929859868495677584e-09,4.595509874723675003e-01
2.189751801441152945e-01,1.704065590061207736e-09,4.595509874723675003e-01
2.197758206565252337e-01,1.504110720124757646e-09,4.595509874723675003e-01
2.205764611689351451e-01,1.327108021360938394e-09,4.595509874723675003e-01
2.213771016813450843e-01,1.170484615122096468e-09,4.595509874723675003e-01
2.221777421937550234e-01,1.031948711768609737e-09,4.595509874723675003e-01
2.229783827061649348e-01,9.094597533518267322e-10,4.595509874723675003e-01
2.237790232185748740e-01,8.012016307238205762e-10,4.595509874723675003e-01
2.245796637309847854e-01,7.055586693055619837e-10,4.595509874723675003e-01
2.253803042433947246e-01,6.210941069790134424e-10,4.595509874723675003e-01
2.261809447558046637e-01,5.465308141330985725e-10,4.595509874723675003e-01
2.269815852682145751e-01,4.807340300188834125e-10,4.595509874723675003e-01
2.277822257806245143e-01,4.226959114667900879e-10,4.595509874723675003e-01
2.285828662930344257e-01,3.715217098848863845e-10,4.595509874723675003e-01
2.293835068054443649e-01,3.264174104703881847e-10,4.595509874723675003e-01
2.301841473178543040e-01,2.866786838905301700e-10,4.595509874723675003e-01
2.309847878302642155e-01,2.516810154750719801e-10,4.595509874723675003e-01
2.317854283426741546e-01,2.208708903485153279e-10,4.595509874723675003e-01
2.325860688550840660e-01,1.937579250416807482e-10,4.595509874723675003e-01
2.333867093674940052e-01,1.699078470756513175e-10,4.595509874723675003e-01
2.341873498799039444e-01,1.489362339114574132e-10,4.595509874723675003e-01
2.349879903923138558e-01,1.305029316031118156e-10,4.595509874723675003e-01
2.357886309047237949e-01,1.143070815676784727e-10,4.595509874723675003e-01
2.365892714171337063e-01,1.000826911746729650e-10,4.595509874723675003e-01
2.373899119295436455e-01,8.759469043146446220e-11,4.595509874723675003e-01
2.381905524419535847e-01,7.663542296853735250e-11,4.595509874723675003e-01
2.389911929543634961e-01,6.702152486946448850e-11,4.595509874723675003e-01
2.397918334667734352e-01,5.859114970073143712e-11,4.595509874723675003e-01
2.405924739791833467e-01,5.120150242663359656e-11,4.595509874723675003e-01
2.413931144915932858e-01,4.472664879037025530e-11,4.595509874723675003e-01
2.421937550040031972e-01,3.905557024592037016e-11,4.595509874723675003e-01
2.429943955164131364e-01,3.409043767424781187e-11,4.595509874723675003e-01
2.437950360288230756e-01,2.974507994626536908e-11,4.595509874723675003e-01
2.445956765412329870e-01,2.594362593511806180e-11,4.595509874723675003e-01
2.453963170536429261e-01,2.261930085996630221e-11,4.595509874723675003e-01
2.461969575660528375e-01,1.971335988834906723e-11,4.595509874723675003e-01
2.469975980784627767e-01,1.717414375755223968e-11,4.595509874723675003e-01
2.477982385908727159e-01,1.495624281834291274e-11,4.595509874723675003e-01
2.485988791032826273e-01,1.301975737594643876e-11,4.595509874723675003e-01
2.493995196156925664e-01,1.132964352050235546e-11,4.595509874723675003e-01
2.502001601281024779e-01,9.855134817990861443e-12,4.595509874723675003e-01
2.510008006405124448e-01,8.569231286852608553e-12,4.595509874723675003e-01
2.518014411529223562e-01,7.448248027899188848e-12,4.595509874723675003e-01
2.526020816653322676e-01,6.471416717109978150e-12,4.595509874723675003e-01
2.534027221777421790e-01,5.620533922832695037e-12,4.595509874723675003e-01
2.542033626901521459e-01,4.879650880077174635e-12,4.595509874723675003e-01
2.550040032025620573e-01,4.234799953383646577e-12,4.595509874723675003e-01
2.558046437149719687e-01,3.673753553704929646e-12,4.595509874723675003e-01
2.566052842273819357e-01,3.185811750657754731e-12,4.595509874723675003e-01
2.574059247397918471e-01,2.761615245475220454e-12,4.595509874723675003e-01
2.582065652522017585e-01,2.392980747512460898e-12,4.595509874723675003e-01
2.590072057646117254e-01,2.072756133151887888e-12,4.595509874723675003e-01
2.598078462770216368e-01,1.794693064847547111e-12,4.595509874723675003e-01
2.606084867894315482e-01,1.553335013803991743e-12,4.595509874723675003e-01
2.614091273018414596e-01,1.343918865970080167e-12,4.595509874723675003e-01
2.622097678142514265e-01,1.162288500826628113e-12,4.595509874723675003e-01
2.630104083266613380e-01,1.004818918721769973e-12,4.595509874723675003e-01
2.638110488390712494e-01,8.683496578147924020e-13,4.595509874723675003e-01
2.646116893514812163e-01,7.501263883194483017e-13,4.595509874723675003e-01
2.654123298638911277e-01,6.477497017402870044e-13,4.595509874723675003e-01
2.662129703763010391e-01,5.591302279996175056e-13,4.595509874723675003e-01
2.670136108887110060e-01,4.824493153956689592e-13,4.595509874723675003e-01
2.678142514011209174e-01,4.161245986740228419e-13,4.595509874723675003e-01
2.686148919135308288e-01,3.587798604395766335e-13,4.595509874723675003e-01
2.694155324259407402e-01,3.092186618469001173e-13,4.595509874723675003e-01
2.702161729383507072e-01,2.664012810211971556e-13,4.595509874723675003e-01
2.710168134507606186e-01,2.294245529031854894e-13,4.595509874723675003e-01
2.718174539631705300e-01,1.975042530032456913e-13,4.595509874723675003e-01
2.726180944755804969e-01,1.699597106250692020e-13,4.595509874723675003e-01
2.734187349879904083e-01,1.462003751292461755e-13,4.595509874723675003e-01
2.742193755004003197e-01,1.257140923324218171e-13,4.595509874723675003e-01
2.750200160128102311e-01,1.080568776932963101e-13,4.595509874723675003e-01
2.758206565252201981e-01,9.284399898055825610e-14,4.595509874723675003e-01
2.766212970376301095e-01,7.974220405649328647e-14,4.595509874723675003e-01
2.774219375500400209e-01,6.846294960436886788e-14,4.595509874723675003e-01
2.782225780624499878e-01,5.875650439766808154e-14,4.595509874723675003e-01
2.790232185748598992e-01,5.040681633877067583e-14,4.595509874723675003e-01
2.798238590872698106e-01,4.322704623511980755e-14,4.595509874723675003e-01
2.806244995996797775e-01,3.705568335502613383e-14,4.595509874723675003e-01
2.814251401120896889e-01,3.175316841022193448e-14,4.595509874723675003e-01
2.822257806244996003e-01,2.719895892256277391e-14,4.595509874723675003e-01
2.830264211369095118e-01,2.328898010213933556e-14,4.595509874723675003e-01
2.838270616493194787e-01,1.993341152991110123e-14,4.595509874723675003e-01
2.846277021617293901e-01,1.705476622031976391e-14,4.595509874723675003e-01
2.854283426741393015e-01,1.458622414453871342e-14,4.595509874723675003e-01
2.862289831865492684e-01,1.247018711703662086e-14,4.595509874723675003e-01
2.870296236989591798e-01,1.065702616978512793e-14,4.595509874723675003e-01
2.878302642113690912e-01,9.103996232801947468e-15,4.595509874723675003e-01
2.886309047237790582e-01,7.774296171160113866e-15,4.595509874723675003e-01
2.894315452361889696e-01,6.636255053837806317e-15,4.595509874723675003e-01
2.902321857485988810e-01,5.662627998752951958e-15,4.595509874723675003e-01
2.910328262610087924e-01,4.829987094970237805e-15,4.595509874723675003e-01
2.918334667734187593e-01,4.118194786047930612e-15,4.595509874723675003e-01
2.926341072858286707e-01,3.509948741768121278e-15,4.595509874723675003e-01
2.934347477982385821e-01,2.990388678943827961e-15,4.595509874723675003e-01
2.942353883106485490e-01,2.546756841840624073e-15,4.595509874723675003e-01
2.950360288230584604e-01,2.168104942010048516e-15,4.595509874723675003e-01
2.958366693354683719e-01,1.845041306213794501e-15,4.595509874723675003e-01
2.966373098478783388e-01,1.569512807336959633e-15,4.595509874723675003e-01
2.974379503602882502e-01,1.334616872276747978e-15,4.595509874723675003e-01
2.982385908726981616e-01,1.134439486360539375e-15,4.595509874723675003e-01
2.990392313851080730e-01,9.639156578086787923e-16,4.595509874723675003e-01
2.998398718975180399e-01,8.187092785492400046e-16,4.595509874723675003e-01
3.006405124099279513e-01,6.951097284367560728e-16,4.595509874723675003e-01
3.014411529223378627e-01,5.899429266104025857e-16,4.595509874723675003e-01
3.022417934347478297e-01,5.004948433237076419e-16,4.595509874723675003e-01
3.030424339471577411e-01,4.244457541838557975e-16,4.595509874723675003e-01
3.038430744595676525e-01,3.598137516767181728e-16,4.595509874723675003e-01
3.046437149719776194e-01,3.049062307696841373e-16,4.595509874723675003e-01
3.054443554843875308e-01,2.582782403311985667e-16,4.595509874723675003e-01
3.062449959967974422e-01,2.186967436185155027e-16,4.595509874723675003e-01
3.070456365092073536e-01,1.851099622435691973e-16,4.595509874723675003e-01
3.078462770216173205e-01,1.566210915148288344e-16,4.595509874723675003e-01
3.086469175340272320e-01,1.324657732078925994e-16,4.595509874723675003e-01
3.094475580464371434e-01,1.119927966725565594e-16,4.595509874723675003e-01
3.102481985588471103e-01,9.464757250920961870e-17,4.595509874723675003e-01
3.110488390712570217e-01,7.995798638083683538e-17,4.595509874723675003e-01
3.118494795836669331e-01,6.752229520602416893e-17,4.595509874723675003e-01
3.126501200960769000e-01,5.699877516476619763e-17,4.595509874723675003e-01
3.134507606084868114e-01,4.809687165121421650e-17,4.595509874723675003e-01
3.142514011208967228e-01,4.056963640130476330e-17,4.595509874723675003e-01
3.150520416333066342e-01,3.420726726785496600e-17,4.595509874723675003e-01
3.158526821457166012e-01,2.883159216971566227e-17,4.595509874723675003e-01
3.166533226581265126e-01,2.429136117570456926e-17,4.595509874723675003e-01
3.174539631705364240e-01,2.045822999269267539e-17,4.595509874723675003e-01
3.182546036829463909e-01,1.722333473846877434e-17,4.595509874723675003e-01
3.190552441953563023e-01,1.449437216442666986e-17,4.595509874723675003e-01
3.198558847077662137e-01,1.219311177120799108e-17,4.595509874723675003e-01
3.206565252201761806e-01,1.025327680935489846e-17,4.595509874723675003e-01
3.214571657325860921e-01,8.618740216311226096e-18,4.595509874723675003e-01
3.222578062449960035e-01,7.241989317716938600e-18,4.595509874723675003e-01
3.230584467574059149e-01,6.082819793526897748e-18,4.595509874723675003e-01
3.238590872698158818e-01,5.107225132282929054e-18,4.595509874723675003e-01
3.246597277822257932e-01,4.286452702928732791e-18,4.595509874723675003e-01
3.254603682946357046e-01,3.596201777585816903e-18,4.595509874723675003e-01
3.262610088070456715e-01,3.015942439597670757e-18,4.595509874723675003e-01
3.270616493194555829e-01,2.528337394073525699e-18,4.595509874723675003e-01
3.278622898318654943e-01,2.118751336478388472e-18,4.595509874723675003e-01
3.286629303442754613e-01,1.774834791655932188e-18,4.595509874723675003e-01
3.294635708566853727e-01,1.486171265349637978e-18,4.595509874723675003e-01
3.302642113690952841e-01,1.243978199512808189e-18,4.595509874723675003e-01
3.310648518815051955e-01,1.040853631616255081e-18,4.595509874723675003e-01
3.318654923939151624e-01,8.705616612644795686e-19,4.595509874723675003e-01
3.326661329063250738e-01,7.278508543344273390e-19,4.595509874723675003e-01
3.334667734187349852e-01,6.083005909806313962e-19,4.595509874723675003e-01
3.342674139311449522e-01,5.081911110187385502e-19,4.595509874723675003e-01
3.350680544435548636e-01,4.243936471110627805e-19,4.595509874723675003e-01
3.358686949559647750e-01,3.542775788681524789e-19,4.595509874723675003e-01
3.366693354683747419e-01,2.956320031870824780e-19,4.595509874723675003e-01
3.374699759807846533e-01,2.465995096358478988e-19,4.595509874723675003e-01
3.382706164931945647e-01,2.056202845353165217e-19,4.595509874723675003e-01
3.390712570056044761e-01,1.713849522032219662e-19,4.595509874723675003e-01
3.398718975180144430e-01,1.427948039786462395e-19,4.595509874723675003e-01
3.406725380304243544e-01,1.189282714409634925e-19,4.595509874723675003e-01
3.414731785428342659e-01,9.901267505757360740e-20,4.595509874723675003e-01
3.422738190552442328e-01,8.240042793818006833e-20,4.595509874723675003e-01
3.430744595676541442e-01,6.854900036518480454e-20,4.595509874723675003e-01
3.438751000800640556e-01,5.700405765958480759e-20,4.595509874723675003e-01
3.446757405924739670e-01,4.738527458663881800e-20,4.595509874723675003e-01
3.454763811048839339e-01,3.937440634121413270e-20,4.595509874723675003e-01
3.462770216172938453e-01,3.270526125493693752e-20,4.595509874723675003e-01
3.470776621297037567e-01,2.715527550403206278e-20,4.595509874723675003e-01
3.478783026421137237e-01,2.253843677347052507e-20,4.595509874723675003e-01
3.486789431545236351e-01,1.869934333085006128e-20,4.595509874723675003e-01
3.494795836669335465e-01,1.550821837204801667e-20,4.595509874723675003e-01
3.502802241793435134e-01,1.285672774675350433e-20,4.595509874723675003e-01
3.510808646917534248e-01,1.065447304301202668e-20,4.595509874723675003e-01
3.518815052041633362e-01,8.826052174886087584e-21,4.595509874723675003e-01
3.526821457165732476e-01,7.308596644343551074e-21,4.595509874723675003e-01
3.534827862289832145e-01,6.049709019681885623e-21,4.595509874723675003e-01
3.542834267413931260e-01,5.005736297229824839e-21,4.595509874723675003e-01
3.550840672538030374e-01,4.140325037622728642e-21,4.595509874723675003e-01
3.558847077662130043e-01,3.423212786636964374e-21,4.595509874723675003e-01
3.566853482786229157e-01,2.829217552512015243e-21,4.595509874723675003e-01
3.574859887910328271e-01,2.337393227844667050e-21,4.595509874723675003e-01
3.582866293034427940e-01,1.930323993095503197e-21,4.595509874723675003e-01
3.590872698158527054e-01,1.593535071600356663e-21,4.595509874723675003e-01
3.598879103282626168e-01,1.315000850531795683e-21,4.595509874723675003e-01
3.606885508406725283e-01,1.084734446535720883e-21,4.595509874723675003e-01
3.614891913530824952e-01,8.944453700707553422e-22,4.595509874723675003e-01
3.622898318654924066e-01,7.372541059081656454e-22,4.595509874723675003e-01
3.630904723779023180e-01,6.074542439059135200e-22,4.595509874723675003e-01
3.638911128903122849e-01,5.003143189867629515e-22,4.595509874723675003e-01
3.646917534027221963e-01,4.119127985668021957e-22,4.595509874723675003e-01
3.654923939151321077e-01,3.390007285665595669e-22,4.595509874723675003e-01
3.662930344275420746e-01,2.788874485202667413e-22,4.595509874723675003e-01
3.670936749399519861e-01,2.293455399171469698e-22,4.595509874723675003e-01
3.678943154523618975e-01,1.885318031187466556e-22,4.595509874723675003e-01
3.686949559647718089e-01,1.549215866562845282e-22,4.595509874723675003e-01
3.694955964771817758e-01,1.272542349602906910e-22,4.595509874723675003e-01
3.702962369895916872e-01,1.044877905188164078e-22,4.595509874723675003e-01
3.710968775020015986e-01,8.576139579049603745e-23,4.595509874723675003e-01
3.718975180144115655e-01,7.036409873656029248e-23,4.595509874723675003e-01
3.726981585268214769e-01,5.770898183017602195e-23,4.595509874723675003e-01
3.734987990392313884e-01,4.731171477667824283e-23,4.595509874723675003e-01
3.742994395516413553e-01,3.877278174450624913e-23,4.595509874723675003e-01
3.751000800640512667e-01,3.176275953708454301e-23,4.595509874723675003e-01
3.759007205764611781e-01,2.601012791596439870e-23,4.595509874723675003e-01
3.767013610888710895e-01,2.129118063878302415e-23,4.595509874723675003e-01
3.775020016012810564e-01,1.742167856967083362e-23,4.595509874723675003e-01
3.783026421136909678e-01,1.424994685565564346e-23,4.595509874723675003e-01
3.791032826261008792e-01,1.165116864970657382e-23,4.595509874723675003e-01
3.799039231385108462e-01,9.522669880295835055e-24,4.595509874723675003e-01
3.807045636509207576e-01,7.780024524218856139e-24,4.595509874723675003e-01
3.815052041633306690e-01,6.353838908687701755e-24,4.595509874723675003e-01
3.823058446757406359e-01,5.187097731820022331e-24,4.595509874723675003e-01
3.831064851881505473e-01,4.232974567184800597e-24,4.595509874723675003e-01
3.839071257005604587e-01,3.453026292151564275e-24,4.595509874723675003e-01
3.847077662129703701e-01,2.815704722226651379e-24,4.595509874723675003e-01
3.855084067253803370e-01,2.295130220405136058e-24,4.595509874723675003e-01
3.863090472377902485e-01,1.870081578663521810e-24,4.595509874723675003e-01
3.871096877502001599e-01,1.523164368760210481e-24,4.595509874723675003e-01
3.879103282626101268e-01,1.240126506930385904e-24,4.595509874723675003e-01
3.887109687750200382e-01,1.009295201174223801e-24,4.595509874723675003e-01
3.895116092874299496e-01,8.211139414790950250e-25,4.595509874723675003e-01
3.903122497998399165e-01,6.677619112294145526e-25,4.595509874723675003e-01
3.911128903122498279e-01,5.428412742361189633e-25,4.595509874723675003e-01
3.919135308246597393e-01,4.411203359608291180e-25,4.595509874723675003e-01
3.927141713370696507e-01,3.583226807551827920e-25,4.595509874723675003e-01
3.935148118494796177e-01,2.909541249619774841e-25,4.595509874723675003e-01
3.943154523618895291e-01,2.361607613496139925e-25,4.595509874723675003e-01
3.951160928742994405e-01,1.916125556938803275e-25,4.595509874723675003e-01
3.959167333867094074e-01,1.554079346057768146e-25,4.595509874723675003e-01
3.967173738991193188e-01,1.259956107623391194e-25,4.595509874723675003e-01
3.975180144115292302e-01,1.021105572206006193e-25,4.595509874723675003e-01
3.983186549239391971e-01,8.272159107471210171e-26,4.595509874723675003e-01
3.991192954363491086e-01,6.698847871305589736e-26,4.595509874723675003e-01
3.999199359487590200e-01,5.422684719473617852e-26,4.595509874723675003e-01
4.007205764611689314e-01,4.387949273085945375e-26,4.595509874723675003e-01
4.015212169735788983e-01,3.549292944947374302e-26,4.595509874723675003e-01
4.023218574859888097e-01,2.869822906880093898e-26,4.595509874723675003e-01
4.031224979983987211e-01,2.319537266996710728e-26,4.595509874723675003e-01
4.039231385108086880e-01,1.874047594571671792e-26,4.595509874723675003e-01
4.047237790232185994e-01,1.513536446913929900e-26,4.595509874723675003e-01
4.055244195356285108e-01,1.221907010151175840e-26,4.595509874723675003e-01
4.063250600480384778e-01,9.860897290690128072e-27,4.595509874723675003e-01
4.071257005604483892e-01,7.954771709780697977e-27,4.595509874723675003e-01
4.079263410728583006e-01,6.414635929317802958e-27,4.595509874723675003e-01
4.087269815852682120e-01,5.170699646967690138e-27,4.595509874723675003e-01
4.095276220976781789e-01,4.166387098153169554e-27,4.595509874723675003e-01
4.103282626100880903e-01,3.355853022604387802e-27,4.595509874723675003e-01
4.111289031224980017e-01,2.701962103902780100e-27,4.595509874723675003e-01
4.119295436349079687e-01,2.174646067520664852e-27,4.595509874723675003e-01
4.127301841473178801e-01,1.749568386919021850e-27,4.595509874723675003e-01
4.135308246597277915e-01,1.407039438943317607e-27,4.595509874723675003e-01
4.143314651721377029e-01,1.131135488058019887e-27,4.595509874723675003e-01
4.151321056845476698e-01,9.089834899192406945e-28,4.595509874723675003e-01
4.159327461969575812e-01,7.301807379766172423e-28,4.595509874723675003e-01
4.167333867093674926e-01,5.863241189285810544e-28,4.595509874723675003e-01
4.175340272217774595e-01,4.706284289827730296e-28,4.595509874723675003e-01
4.183346677341873709e-01,3.776170256169383397e-28,4.595509874723675003e-01
4.191353082465972824e-01,3.028712066743982144e-28,4.595509874723675003e-01
4.199359487590072493e-01,2.428272493513696009e-28,4.595509874723675003e-01
4.207365892714171607e-01,1.946121116726667965e-28,4.595509874723675003e-01
4.215372297838270721e-01,1.559104849075200751e-28,4.595509874723675003e-01
4.223378702962369835e-01,1.248572577833826542e-28,4.595509874723675003e-01
4.231385108086469504e-01,9.995057013103382997e-29,4.595509874723675003e-01
4.239391513210568618e-01,7.998154197776191474e-29,4.595509874723675003e-01
4.247397918334667732e-01,6.397750267537157511e-29,4.595509874723675003e-01
4.255404323458767402e-01,5.115614490118066348e-29,4.595509874723675003e-01
4.263410728582866516e-01,4.088851600614219673e-29,4.595509874723675003e-01
4.271417133706965630e-01,3.266915517353762804e-29,4.595509874723675003e-01
4.279423538831065299e-01,2.609200629038106607e-29,4.595509874723675003e-01
4.287429943955164413e-01,2.083099724971495393e-29,4.595509874723675003e-01
4.295436349079263527e-01,1.662438793470086836e-29,4.595509874723675003e-01
4.303442754203362641e-01,1.326216061686548145e-29,4.595509874723675003e-01
4.311449159327462310e-01,1.057586545325991340e-29,4.595509874723675003e-01
4.319455564451561425e-01,8.430446324079165592e-30,4.595509874723675003e-01
4.327461969575660539e-01,6.717663408667455837e-30,4.595509874723675003e-01
4.335468374699760208e-01,5.350802705058588358e-30,4.595509874723675003e-01
4.343474779823859322e-01,4.260422424486649436e-30,4.595509874723675003e-01
4.351481184947958436e-01,3.390934472190010943e-30,4.595509874723675003e-01
4.359487590072058105e-01,2.697858203989652585e-30,4.595509874723675003e-01
4.367493995196157219e-01,2.145615102093248519e-30,4.595509874723675003e-01
4.375500400320256333e-01,1.705758430756502131e-30,4.595509874723675003e-01
4.383506805444355447e-01,1.355552532195580909e-30,4.595509874723675003e-01
4.391513210568455117e-01,1.076833148811160066e-30,4.595509874723675003e-01
4.399519615692554231e-01,8.550936888040032726e-31,4.595509874723675003e-01
4.407526020816653345e-01,6.787531766988450230e-31,4.595509874723675003e-01
4.415532425940753014e-01,5.385701691450568956e-31,4.595509874723675003e-01
4.423538831064852128e-01,4.271736349532678393e-31,4.595509874723675003e-01
4.431545236188951242e-01,3.386872241781431499e-31,4.595509874723675003e-01
4.439551641313050911e-01,2.684279680247216761e-31,4.595509874723675003e-01
4.447558046437150026e-01,2.126645325530681411e-31,4.595509874723675003e-01
4.455564451561249140e-01,1.684236593054497630e-31,4.595509874723675003e-01
4.463570856685348254e-01,1.333361037449295872e-31,4.595509874723675003e-01
4.471577261809447923e-01,1.055149982339240494e-31,4.595509874723675003e-01
4.479583666933547037e-01,8.346021027825214325e-32,4.595509874723675003e-01
4.487590072057646151e-01,6.598245878847134527e-32,4.595509874723675003e-01
4.495596477181745820e-01,5.214144828631113097e-32,4.595509874723675003e-01
4.503602882305844934e-01,4.119365195397838638e-32,4.595509874723675003e-01
4.511609287429944048e-01,3.254759333480928450e-32,4.595509874723675003e-01
4.519615692554043718e-01,2.572682567246314915e-32,4.595509874723675003e-01
4.527622097678142832e-01,2.034221693163771739e-32,4.595509874723675003e-01
4.535628502802241946e-01,1.607482283022238327e-32,4.595509874723675003e-01
4.543634907926341060e-01,1.266860759498697761e-32,4.595509874723675003e-01
4.551641313050440729e-01,9.929545792019871902e-33,4.595509874723675003e-01
4.559647718174539843e-01,7.725717616464668726e-33,4.595509874723675003e-01
4.567654123298638957e-01,5.983127140753875029e-33,4.595509874723675003e-01
4.575660528422738627e-01,4.674379333883866349e-33,4.595509874723675003e-01
4.583666933546837741e-01,3.801113590651752667e-33,4.595509874723675003e-01
4.591673338670936855e-01,3.374527545195517279e-33,4.595509874723675003e-01
4.599679743795036524e-01,3.399855466995018429e-33,4.595509874723675003e-01
4.607686148919135638e-01,3.869613871183725180e-33,4.595509874723675003e-01
4.615692554043234752e-01,4.767342339378520660e-33,4.595509874723675003e-01
4.623698959167333866e-01,6.079914500520678889e-33,4.595509874723675003e-01
4.631705364291433535e-01,7.813901468726565102e-33,4.595509874723675003e-01
4.639711769415532649e-01,1.001095372926947204e-32,4.595509874723675003e-01
4.647718174539631764e-01,1.275872210814728059e-32,4.595509874723675003e-01
4.655724579663731433e-01,1.619656283729577929e-32,4.595509874723675003e-01
4.663730984787830547e-01,2.051790185202076404e-32,4.595509874723675003e-01
4.671737389911929661e-01,2.597266703909326698e-32,4.595509874723675003e-01
4.679743795036029330e-01,3.287329388016303886e-32,4.595509874723675003e-01
4.687750200160128444e-01,4.160681454366005862e-32,4.595509874723675003e-01
4.695756605284227558e-01,5.265418867308341668e-32,4.595509874723675003e-01
4.703763010408326672e-01,6.661704503689977420e-32,4.595509874723675003e-01
4.711769415532426342e-01,8.425177504630873142e-32,4.595509874723675003e-01
4.719775820656525456e-01,1.065114465095296801e-31,4.595509874723675003e-01
4.727782225780624570e-01,1.345970025018013682e-31,4.595509874723675003e-01
4.735788630904724239e-01,1.700203255033002595e-31,4.595509874723675003e-01
4.743795036028823353e-01,2.146827510152721992e-31,4.595509874723675003e-01
4.751801441152922467e-01,2.709734740508037451e-31,4.595509874723675003e-01
4.759807846277022136e-01,3.418931345422320017e-31,4.595509874723675003e-01
4.767814251401121250e-01,4.312088914473760959e-31,4.595509874723675003e-01
4.775820656525220365e-01,5.436486799162723520e-31,4.595509874723675003e-01
4.783827061649319479e-01,6.851442120688861472e-31,4.595509874723675003e-01
4.791833466773419148e-01,8.631347014366179328e-31,4.595509874723675003e-01
4.799839871897518262e-01,1.086946326259061662e-30,4.595509874723675003e-01
4.807846277021617376e-01,1.368266192297813652e-30,4.595509874723675003e-01
4.815852682145717045e-01,1.721734164587863109e-30,4.595509874723675003e-01
4.823859087269816159e-01,2.165681628270868947e-30,4.595509874723675003e-01
4.831865492393915273e-01,2.723053293251738620e-30,4.595509874723675003e-01
4.839871897518014388e-01,3.422556919901844286e-30,4.595509874723675003e-01
4.847878302642114057e-01,4.300096727174959920e-30,4.595509874723675003e-01
4.855884707766213171e-01,5.400559752004956460e-30,4.595509874723675003e-01
4.863891112890312285e-01,6.780041175736583316e-30,4.595509874723675003e-01
4.871897518014411954e-01,8.508615381711667814e-30,4.595509874723675003e-01
4.879903923138511068e-01,1.067378520216445084e-29,4.595509874723675003e-01
4.887910328262610182e-01,1.338477362003456847e-29,4.595509874723675003e-01
4.895916733386709851e-01,1.677786155320692216e-29,4.595509874723675003e-01
4.903923138510808966e-01,2.102302404092671284e-29,4.595509874723675003e-01
4.911929543634908080e-01,2.633217736177097647e-29,4.595509874723675003e-01
4.919935948759007194e-01,3.296942403265927112e-29,4.595509874723675003e-01
4.927942353883106863e-01,4.126377458415020972e-29,4.595509874723675003e-01
4.935948759007205977e-01,5.162493855884704875e-29,4.595509874723675003e-01
4.943955164131305091e-01,6.456291735624734893e-29,4.595509874723675003e-01
4.951961569255404760e-01,8.071230452056019377e-29,4.595509874723675003e-01
4.959967974379503874e-01,1.008624124235802172e-28,4.595509874723675003e-01
4.967974379503602989e-01,1.259946073515479680e-28,4.595509874723675003e-01
4.975980784627702658e-01,1.573285592074123354e-28,4.595509874723675003e-01
4.983987189751801772e-01,1.963795114359404909e-28,4.595509874723675003e-01
4.991993594875900886e-01,2.450291686053064805e-28,4.595509874723675003e-01
5.000000000000000000e-01,3.056134044759321435e-28,4.595509874723675003e-01
5.008006405124099114e-01,3.810307382729642931e-28,4.595509874723675003e-01
5.016012810248199338e-01,4.748764430136560843e-28,4.595509874723675003e-01
5.024019215372298452e-01,5.916082760294417206e-28,4.595509874723675003e-01
5.032025620496397567e-01,7.367512058998228980e-28,4.595509874723675003e-01
5.040032025620496681e-01,9.171502101820399838e-28,4.595509874723675003e-01
5.048038430744595795e-01,1.141282305899600961e-27,4.595509874723675003e-01
5.056044835868694909e-01,1.419641536962179202e-27,4.595509874723675003e-01
5.064051240992794023e-01,1.765213786140311234e-27,4.595509874723675003e-01
5.072057646116894247e-01,2.194062134166996721e-27,4.595509874723675003e-01
5.080064051240993361e-01,2.726048214073337790e-27,4.595509874723675003e-01
5.088070456365092475e-01,3.385720799193864597e-27,4.595509874723675003e-01
5.096076861489191590e-01,4.203409955388194710e-27,4.595509874723675003e-01
5.104083266613290704e-01,5.216573770982770243e-27,4.595509874723675003e-01
5.112089671737389818e-01,6.471455304183925776e-27,4.595509874723675003e-01
5.120096076861488932e-01,8.025120386766728413e-27,4.595509874723675003e-01
5.128102481985589156e-01,9.947962817956799504e-27,4.595509874723675003e-01
5.136108887109688270e-01,1.232678291073114676e-26,4.595509874723675003e-01
5.144115292233787384e-01,1.526856908977917752e-26,4.595509874723675003e-01
5.152121697357886498e-01,1.890514122960214733e-26,4.595509874723675003e-01
5.160128102481985612e-01,2.339884981013727202e-26,4.595509874723675003e-01
5.168134507606084727e-01,2.894956815069301924e-26,4.595509874723675003e-01
5.176140912730184951e-01,3.580326765574022652e-26,4.595509874723675003e-01
5.184147317854284065e-01,4.426253022673386330e-26,4.595509874723675003e-01
5.192153722978383179e-01,5.469943026181591228e-26,4.595509874723675003e-01
5.200160128102482293e-01,6.757131401281530830e-26,4.595509874723675003e-01
5.208166533226581407e-01,8.344012017523511231e-26,4.595509874723675003e-01
5.216172938350680521e-01,1.029960269127035361e-25,4.595509874723675003e-01
5.224179343474779635e-01,1.270863824686918145e-25,4.595509874723675003e-01
5.232185748598879860e-01,1.567510856449450703e-25,4.595509874723675003e-01
5.240192153722978974e-01,1.932658366587733104e-25,4.595509874723675003e-01
5.248198558847078088e-01,2.381949878305436643e-25,4.595509874723675003e-01
5.256204963971177202e-01,2.934560988132437232e-25,4.595509874723675003e-01
5.264211369095276316e-01,3.613987567053182145e-25,4.595509874723675003e-01
5.272217774219375430e-01,4.449007743682773646e-25,4.595509874723675003e-01
5.280224179343474544e-01,5.474855511198933176e-25,4.595509874723675003e-01
5.288230584467574769e-01,6.734651934793929147e-25,4.595509874723675003e-01
5.296236989591673883e-01,8.281149797228770459e-25,4.595509874723675003e-01
5.304243394715772997e-01,1.017885946779303736e-24,4.595509874723675003e-01
5.312249799839872111e-01,1.250663825018118052e-24,4.595509874723675003e-01
5.320256204963971225e-01,1.536084298272876339e-24,4.595509874723675003e-01
5.328262610088070339e-01,1.885916686317574372e-24,4.595509874723675003e-01
5.336269015212170563e-01,2.314530711224095266e-24,4.595509874723675003e-01
5.344275420336269677e-01,2.839464109421117964e-24,4.595509874723675003e-01
5.352281825460368792e-01,3.482112598394431124e-24,4.595509874723675003e-01
5.360288230584467906e-01,4.268568233815005652e-24,4.595509874723675003e-01
5.368294635708567020e-01,5.230637659420248480e-24,4.595509874723675003e-01
5.376301040832666134e-01,6.407078350496285660e-24,4.595509874723675003e-01
5.384307445956765248e-01,7.845098913378487150e-24,4.595509874723675003e-01
5.392313851080865472e-01,9.602179105532713466e-24,4.595509874723675003e-01
5.400320256204964586e-01,1.174827681669844743e-23,4.595509874723675003e-01
5.408326661329063700e-01,1.436850320113050389e-23,4.595509874723675003e-01
5.416333066453162814e-01,1.756636395380280379e-23,4.595509874723675003e-01
5.424339471577261929e-01,2.146768495465497675e-23,4.595509874723675003e-01
5.432345876701361043e-01,2.622536485382132845e-23,4.595509874723675003e-01
5.440352281825460157e-01,3.202512646304031295e-23,4.595509874723675003e-01
5.448358686949560381e-01,3.909247404286500412e-23,4.595509874723675003e-01
5.456365092073659495e-01,4.770110591541007098e-23,4.595509874723675003e-01
5.464371497197758609e-01,5.818308270421348021e-23,4.595509874723675003e-01
5.472377902321857723e-01,7.094111259969267043e-23,4.595509874723675003e-01
5.480384307445956837e-01,8.646338839501172372e-23,4.595509874723675003e-01
5.488390712570055952e-01,1.053414990515690188e-22,4.595509874723675003e-01
5.496397117694155066e-01,1.282920441247392115e-22,4.595509874723675003e-01
5.504403522818255290e-01,1.561827059576020309e-22,4.595509874723675003e-01
5.512409927942354404e-01,1.900636862486131439e-22,4.595509874723675003e-01
5.520416333066453518e-01,2.312055953273698887e-22,4.595509874723675003e-01
5.528422738190552632e-01,2.811451000834834195e-22,4.595509874723675003e-01
5.536429143314651746e-01,3.417398969618148017e-22,4.595509874723675003e-01
5.544435548438750860e-01,4.152348880719242566e-22,4.595509874723675003e-01
5.552441953562851085e-01,5.043418111532135855e-22,4.595509874723675003e-01
5.560448358686950199e-01,6.123350196654670018e-22,4.595509874723675003e-01
5.568454763811049313e-01,7.431666416436243744e-22,4.595509874723675003e-01
5.576461168935148427e-01,9.016049818260468466e-22,4.595509874723675003e-01
5.584467574059247541e-01,1.093400790732649002e-21,4.595509874723675003e-01
5.592473979183346655e-01,1.325486930361149608e-21,4.595509874723675003e-01
5.600480384307445769e-01,1.606218046919501917e-21,4.595509874723675003e-01
5.608486789431545994e-01,1.945658149683802014e-21,4.595509874723675003e-01
5.616493194555645108e-01,2.355925531012084315e-21,4.595509874723675003e-01
5.624499599679744222e-01,2.851606292421382125e-21,4.595509874723675003e-01
5.632506004803843336e-01,3.450249920775073709e-21,4.595509874723675003e-01
5.640512409927942450e-01,4.172962952583250507e-21,4.595509874723675003e-01
5.648518815052041564e-01,5.045119850841962103e-21,4.595509874723675003e-01
5.656525220176140678e-01,6.097213889663283865e-21,4.595509874723675003e-01
5.664531625300240902e-01,7.365875205961920500e-21,4.595509874723675003e-01
5.672538030424340016e-01,8.895088363355750683e-21,4.595509874723675003e-01
5.680544435548439131e-01,1.073764793337267449e-20,4.595509874723675003e-01
5.688550840672538245e-01,1.295689791283535310e-20,4.595509874723675003e-01
5.696557245796637359e-01,1.562880947637648526e-20,4.595509874723675003e-01
5.704563650920736473e-01,1.884446186022597784e-20,4.595509874723675003e-01
5.712570056044836697e-01,2.271300338377497016e-20,4.595509874723675003e-01
5.720576461168935811e-01,2.736518408822042952e-20,4.595509874723675003e-01
5.728582866293034925e-01,3.295756861866707318e-20,4.595509874723675003e-01
5.736589271417134039e-01,3.967755828290211621e-20,4.595509874723675003e-01
5.744595676541233154e-01,4.774937525859378356e-20,4.595509874723675003e-01
5.752602081665332268e-01,5.744119036440701651e-20,4.595509874723675003e-01
5.760608486789431382e-01,6.907360945246932716e-20,4.595509874723675003e-01
5.768614891913531606e-01,8.302977325242149527e-20,4.595509874723675003e-01
5.776621297037630720e-01,9.976737249837135858e-20,4.595509874723675003e-01
5.784627702161729834e-01,1.198329356888088553e-19,4.595509874723675003e-01
5.792634107285828948e-01,1.438788123817646591e-19,4.595509874723675003e-01
5.800640512409928062e-01,1.726833522928495226e-19,4.595509874723675003e-01
5.808646917534027176e-01,2.071748717319582625e-19,4.595509874723675003e-01
5.816653322658126291e-01,2.484601065373874605e-19,4.595509874723675003e-01
5.824659727782226515e-01,2.978579775198481293e-19,4.595509874723675003e-01
5.832666132906325629e-01,3.569396438850784630e-19,4.595509874723675003e-01
5.840672538030424743e-01,4.275759961140720075e-19,4.595509874723675003e-01
5.848678943154523857e-01,5.119939469720611054e-19,4.595509874723675003e-01
5.856685348278622971e-01,6.128431231110724305e-19,4.595509874723675003e-01
5.864691753402722085e-01,7.332748464667744451e-19,4.595509874723675003e-01
5.872698158526822310e-01,8.770356317475040085e-19,4.595509874723675003e-01
5.880704563650921424e-01,1.048577822445117719e-18,4.595509874723675003e-01
5.888710968775020538e-01,1.253190453100175599e-18,4.595509874723675003e-01
5.896717373899119652e-01,1.497153971869801303e-18,4.595509874723675003e-01
5.904723779023218766e-01,1.787923098602458860e-18,4.595509874723675003e-01
5.912730184147317880e-01,2.134342845756801773e-18,4.595509874723675003e-01
5.920736589271416994e-01,2.546903611438201706e-18,4.595509874723675003e-01
5.928742994395517218e-01,3.038042287517284138e-18,4.595509874723675003e-01
5.936749399519616333e-01,3.622497536826665051e-18,4.595509874723675003e-01
5.944755804643715447e-01,4.317728811611917921e-18,4.595509874723675003e-01
5.952762209767814561e-01,5.144410345450363927e-18,4.595509874723675003e-01
5.960768614891913675e-01,6.127013293144875888e-18,4.595509874723675003e-01
5.968775020016012789e-01,7.294491464653752358e-18,4.595509874723675003e-01
5.976781425140111903e-01,8.681088754586020992e-18,4.595509874723675003e-01
5.984787830264212127e-01,1.032728947170595235e-17,4.595509874723675003e-01
5.992794235388311241e-01,1.228093639705641343e-17,4.595509874723675003e-01
6.000800640512410355e-01,1.459854563045406339e-17,4.595509874723675003e-01
6.008807045636509470e-01,1.734685222269858904e-17,4.595509874723675003e-01
6.016813450760608584e-01,2.060462635034250358e-17,4.595509874723675003e-01
6.024819855884707698e-01,2.446480650509881489e-17,4.595509874723675003e-01
6.032826261008807922e-01,2.903700399615228317e-17,4.595509874723675003e-01
6.040832666132907036e-01,3.445044218051883190e-17,4.595509874723675003e-01
6.048839071257006150e-01,4.085740445237196938e-17,4.595509874723675003e-01
6.056845476381105264e-01,4.843727737795370363e-17,4.595509874723675003e-01
6.064851881505204378e-01,5.740128973712403027e-17,4.595509874723675003e-01
6.072858286629303493e-01,6.799806494825652901e-17,4.595509874723675003e-01
6.080864691753402607e-01,8.052012378280303271e-17,4.595509874723675003e-01
6.088871096877502831e-01,9.531149685014345267e-17,4.595509874723675003e-01
6.096877502001601945e-01,1.127766325496445899e-16,4.595509874723675003e-01
6.104883907125701059e-01,1.333908166193188752e-16,4.595509874723675003e-01
6.112890312249800173e-01,1.577123547216348968e-16,4.595509874723675003e-01
6.120896717373899287e-01,1.863968104606486095e-16,4.595509874723675003e-01
6.128903122497998401e-01,2.202136387014591633e-16,4.595509874723675003e-01
6.136909527622097515e-01,2.600656090777927149e-16,4.595509874723675003e-01
6.144915932746197740e-01,3.070114782944069557e-16,4.595509874723675003e-01
6.152922337870296854e-01,3.622924436034412498e-16,4.595509874723675003e-01
6.160928742994395968e-01,4.273629952050316640e-16,4.595509874723675003e-01
6.168935148118495082e-01,5.039268840724245655e-16,4.595509874723675003e-01
6.176941553242594196e-01,5.939790358758962408e-16,4.595509874723675003e-01
6.184947958366693310e-01,6.998543736287160123e-16,4.595509874723675003e-01
6.192954363490792424e-01,8.242846641011798752e-16,4.595509874723675003e-01
6.200960768614892649e-01,9.704646790434684267e-16,4.595509874723675003e-01
6.208967173738991763e-01,1.142129165379770296e-15,4.595509874723675003e-01
6.216973578863090877e-01,1.343642352860728587e-15,4.595509874723675003e-01
6.224979983987189991e-01,1.580101997860825189e-15,4.595509874723675003e-01
6.232986389111289105e-01,1.857460273435480529e-15,4.595509874723675003e-01
6.240992794235388219e-01,2.182664174539292500e-15,4.595509874723675003e-01
6.248999199359488443e-01,2.563818520466308882e-15,4.595509874723675003e-01
6.257005604483587557e-01,3.010375112134530911e-15,4.595509874723675003e-01
6.265012009607686672e-01,3.533352148975657925e-15,4.595509874723675003e-01
6.273018414731785786e-01,4.145588639400688002e-15,4.595509874723675003e-01
6.281024819855884900e-01,4.862039262073048906e-15,4.595509874723675003e-01
6.289031224979984014e-01,5.700115966218167644e-15,4.595509874723675003e-01
6.297037630104083128e-01,6.680083553552274995e-15,4.595509874723675003e-01
6.305044035228183352e-01,7.825517579930440459e-15,4.595509874723675003e-01
6.313050440352282466e-01,9.163834171821253910e-15,4.595509874723675003e-01
6.321056845476381580e-01,1.072690279434135194e-14,4.595509874723675003e-01
6.329063250600480695e-01,1.255175466021681885e-14,4.595509874723675003e-01
6.337069655724579809e-01,1.468140136269409611e-14,4.595509874723675003e-01
6.345076060848678923e-01,1.716578048425005139e-14,4.595509874723675003e-01
6.353082465972778037e-01,2.006284741583992020e-14,4.595509874723675003e-01
6.361088871096878261e-01,2.343983546251930649e-14,4.595509874723675003e-01
6.369095276220977375e-01,2.737470956079633175e-14,4.595509874723675003e-01
6.377101681345076489e-01,3.195784264803666933e-14,4.595509874723675003e-01
6.385108086469175603e-01,3.729394796935060227e-14,4.595509874723675003e-01
6.393114491593274717e-01,4.350430545611777126e-14,4.595509874723675003e-01
6.401120896717373832e-01,5.072932584589806396e-14,4.595509874723675003e-01
6.409127301841474056e-01,5.913150253033615775e-14,4.595509874723675003e-01
6.417133706965573170e-01,6.889880832285011202e-14,4.595509874723675003e-01
6.425140112089672284e-01,8.024860255232882426e-14,4.595509874723675003e-01
6.433146517213771398e-01,9.343212325003441361e-14,4.595509874723675003e-01
6.441152922337870512e-01,1.087396498593696645e-13,4.595509874723675003e-01
6.449159327461969626e-01,1.265064340375296918e-13,4.595509874723675003e-01
6.457165732586068740e-01,1.471195099325283689e-13,4.595509874723675003e-01
6.465172137710168965e-01,1.710255110323408090e-13,4.595509874723675003e-01
6.473178542834268079e-01,1.987396385480373182e-13,4.595509874723675003e-01
6.481184947958367193e-01,2.308559465945325798e-13,4.595509874723675003e-01
6.489191353082466307e-01,2.680591324931635268e-13,4.595509874723675003e-01
6.497197758206565421e-01,3.111380467015755144e-13,4.595509874723675003e-01
6.505204163330664535e-01,3.610011665879493985e-13,4.595509874723675003e-01
6.513210568454763649e-01,4.186943119677296439e-13,4.595509874723675003e-01
6.521216973578863874e-01,4.854209185297992004e-13,4.595509874723675003e-01
6.529223378702962988e-01,5.625652285786442120e-13,4.595509874723675003e-01
6.537229783827062102e-01,6.517188075638964227e-13,4.595509874723675003e-01
6.545236188951161216e-01,7.547108503957253539e-13,4.595509874723675003e-01
6.553242594075260330e-01,8.736428043806731994e-13,4.595509874723675003e-01
6.561248999199359444e-01,1.010927906686279226e-12,4.595509874723675003e-01
6.569255404323459668e-01,1.169336314595832966e-12,4.595509874723675003e-01
6.577261809447558782e-01,1.352046597617068689e-12,4.595509874723675003e-01
6.585268214571657897e-01,1.562704463068568478e-12,4.595509874723675003e-01
6.593274619695757011e-01,1.805489702553910289e-12,4.595509874723675003e-01
6.601281024819856125e-01,2.085192477390081167e-12,4.595509874723675003e-01
6.609287429943955239e-01,2.407300208421767110e-12,4.595509874723675003e-01
6.617293835068054353e-01,2.778096501786215800e-12,4.595509874723675003e-01
6.625300240192154577e-01,3.204773729393040330e-12,4.595509874723675003e-01
6.633306645316253691e-01,3.695561093722703123e-12,4.595509874723675003e-01
6.641313050440352805e-01,4.259870243895088249e-12,4.595509874723675003e-01
6.649319455564451919e-01,4.908460777023296614e-12,4.595509874723675003e-01
6.657325860688551034e-01,5.653628259222068843e-12,4.595509874723675003e-01
6.665332265812650148e-01,6.509417738270320681e-12,4.595509874723675003e-01
6.673338670936749262e-01,7.491866099282618965e-12,4.595509874723675003e-01
6.681345076060849486e-01,8.619277040766267960e-12,4.595509874723675003e-01
6.689351481184948600e-01,9.912532926647614981e-12,4.595509874723675003e-01
6.697357886309047714e-01,1.139544830636734889e-11,4.595509874723675003e-01
6.705364291433146828e-01,1.309517049679623832e-11,4.595509874723675003e-01
6.713370696557245942e-01,1.504263329407672319e-11,4.595509874723675003e-01
6.721377101681345057e-01,1.727307063898281939e-11,4.595509874723675003e-01
6.729383506805445281e-01,1.982659790534413762e-11,4.595509874723675003e-01
6.737389911929544395e-01,2.274886942788734002e-11,4.595509874723675003e-01
6.745396317053643509e-01,2.609182194498772544e-11,4.595509874723675003e-01
6.753402722177742623e-01,2.991451481606625015e-11,4.595509874723675003e-01
6.761409127301841737e-01,3.428407919682199733e-11,4.595509874723675003e-01
6.769415532425940851e-01,3.927678983378424108e-11,4.595509874723675003e-01
6.777421937550039965e-01,4.497927479013613372e-11,4.595509874723675003e-01
6.785428342674140190e-01,5.148988025648680373e-11,4.595509874723675003e-01
6.793434747798239304e-01,5.892020965444334123e-11,4.595509874723675003e-01
6.801441152922338418e-01,6.739685853079248371e-11,4.595509874723675003e-01
6.809447558046437532e-01,7.706336929164053194e-11,4.595509874723675003e-01
6.817453963170536646e-01,8.808243266745187095e-11,4.595509874723675003e-01
6.825460368294635760e-01,1.006383659629348780e-10,4.595509874723675003e-01
6.833466773418734874e-01,1.149399016646904360e-10,4.595509874723675003e-01
6.841473178542835099e-01,1.312233238927038887e-10,4.595509874723675003e-01
6.849479583666934213e-01,1.497559945309204569e-10,4.595509874723675003e-01
6.857485988791033327e-01,1.708403157033854947e-10,4.595509874723675003e-01
6.865492393915132441e-01,1.948181806267734540e-10,4.595509874723675003e-01
6.873498799039231555e-01,2.220759708229219609e-10,4.595509874723675003e-01
6.881505204163330669e-01,2.530501642778433880e-10,4.595509874723675003e-01
6.889511609287429783e-01,2.882336264534319343e-10,4.595509874723675003e-01
6.897518014411530007e-01,3.281826641687378504e-10,4.595509874723675003e-01
6.905524419535629121e-01,3.735249313498266263e-10,4.595509874723675003e-01
6.913530824659728236e-01,4.249682855896132477e-10,4.595509874723675003e-01
6.921537229783827350e-01,4.833107054582091484e-10,4.595509874723675003e-01
6.929543634907926464e-01,5.494513906668519048e-10,4.595509874723675003e-01
6.937550040032025578e-01,6.244031806298131833e-10,4.595509874723675003e-01
6.945556445156125802e-01,7.093064418160201995e-10,4.595509874723675003e-01
6.953562850280224916e-01,8.054445906732903154e-10,4.595509874723675003e-01
6.961569255404324030e-01,9.142614369953095505e-10,4.595509874723675003e-01
6.969575660528423144e-01,1.037380552548028918e-09,4.595509874723675003e-01
6.977582065652522259e-01,1.176626891758886766e-09,4.595509874723675003e-01
6.985588470776621373e-01,1.334050915494469133e-09,4.595509874723675003e-01
6.993594875900720487e-01,1.511955495623242448e-09,4.595509874723675003e-01
7.001601281024820711e-01,1.712925907410809888e-09,4.595509874723675003e-01
7.009607686148919825e-01,1.939863249078934968e-09,4.595509874723675003e-01
7.017614091273018939e-01,2.196021663349088847e-09,4.595509874723675003e-01
7.025620496397118053e-01,2.485049774785704951e-09,4.595509874723675003e-01
7.033626901521217167e-01,2.811036799572948216e-09,4.595509874723675003e-01
7.041633306645316281e-01,3.178563831355717729e-09,4.595509874723675003e-01
7.049639711769415396e-01,3.592760858326185156e-09,4.595509874723675003e-01
7.057646116893515620e-01,4.059370123254504412e-09,4.595509874723675003e-01
7.065652522017614734e-01,4.584816500088832182e-09,4.595509874723675003e-01
7.073658927141713848e-01,5.176285628566580259e-09,4.595509874723675003e-01
7.081665332265812962e-01,5.841810622505697976e-09,4.595509874723675003e-01
7.089671737389912076e-01,6.590368248640017177e-09,4.595509874723675003e-01
7.097678142514011190e-01,7.431985561633677747e-09,4.595509874723675003e-01
7.105684547638111415e-01,8.377858077904373059e-09,4.595509874723675003e-01
7.113690952762210529e-01,9.440480676813250485e-09,4.595509874723675003e-01
7.121697357886309643e-01,1.063379253338391383e-08,4.595509874723675003e-01
7.129703763010408757e-01,1.197333751282778207e-08,4.595509874723675003e-01
7.137710168134507871e-01,1.347644159462796271e-08,4.595509874723675003e-01
7.145716573258606985e-01,1.516240904373150214e-08,4.595509874723675003e-01
7.153722978382706099e-01,1.705273920951184596e-08,4.595509874723675003e-01
7.161729383506806323e-01,1.917136601067707954e-08,4.595509874723675003e-01
7.169735788630905438e-01,2.154492235737718011e-08,4.595509874723675003e-01
7.177742193755004552e-01,2.420303197163989632e-08,4.595509874723675003e-01
7.185748598879103666e-01,2.717863129526003140e-08,4.595509874723675003e-01
7.193755004003202780e-01,3.050832442182876875e-08,4.595509874723675003e-01
7.201761409127301894e-01,3.423277425819347002e-08,4.595509874723675003e-01
7.209767814251401008e-01,3.839713341192672929e-08,4.595509874723675003e-01
7.217774219375501232e-01,4.305151861707364581e-08,4.595509874723675003e-01
7.225780624499600346e-01,4.825153285237350050e-08,4.595509874723675003e-01
7.233787029623699461e-01,5.405883967627423464e-08,4.595509874723675003e-01
7.241793434747798575e-01,6.054179470344767505e-08,4.595509874723675003e-01
7.249799839871897689e-01,6.777613958035503853e-08,4.595509874723675003e-01
7.257806244995996803e-01,7.584576428513759494e-08,4.595509874723675003e-01
7.265812650120097027e-01,8.484354408204352075e-08,4.595509874723675003e-01
7.273819055244196141e-01,9.487225800554305008e-08,4.595509874723675003e-01
7.281825460368295255e-01,1.060455963369163271e-07,4.595509874723675003e-01
7.289831865492394369e-01,1.184892651693662014e-07,4.595509874723675003e-01
7.297838270616493483e-01,1.323421968397578651e-07,4.595509874723675003e-01
7.305844675740592598e-01,1.477578757391777425e-07,4.595509874723675003e-01
7.313851080864691712e-01,1.649057898040783018e-07,4.595509874723675003e-01
7.321857485988791936e-01,1.839730188384880671e-07,4.595509874723675003e-01
7.329863891112891050e-01,2.051659717293302544e-07,4.595509874723675003e-01
7.337870296236990164e-01,2.287122855955846970e-07,4.595509874723675003e-01
7.345876701361089278e-01,2.548629009616102256e-07,4.595509874723675003e-01
7.353883106485188392e-01,2.838943281704349003e-07,4.595509874723675003e-01
7.361889511609287506e-01,3.161111214580761918e-07,4.595509874723675003e-01
7.369895916733386620e-01,3.518485784004623485e-07,4.595509874723675003e-01
7.377902321857486845e-01,3.914756838248350386e-07,4.595509874723675003e-01
7.385908726981585959e-01,4.353983187531450436e-07,4.595509874723675003e-01
7.393915132105685073e-01,4.840627565212542817e-07,4.595509874723675003e-01
7.401921537229784187e-01,5.379594699001096336e-07,4.595509874723675003e-01
7.409927942353883301e-01,5.976272748396848800e-07,4.595509874723675003e-01
7.417934347477982415e-01,6.636578383694166321e-07,4.595509874723675003e-01
7.425940752602082640e-01,7.367005802257966023e-07,4.595509874723675003e-01
7.433947157726181754e-01,8.174679999461197824e-07,4.595509874723675003e-01
7.441953562850280868e-01,9.067414634725069451e-07,4.595509874723675003e-01
7.449959967974379982e-01,1.005377485760724845e-06,4.595509874723675003e-01
7.457966373098479096e-01,1.114314548488828336e-06,4.595509874723675003e-01
7.465972778222578210e-01,1.234580494720524950e-06,4.595509874723675003e-01
7.473979183346677324e-01,1.367300545302966943e-06,4.595509874723675003e-01
7.481985588470777548e-01,1.513705984877115015e-06,4.595509874723675003e-01
7.489991993594876662e-01,1.675143568657240316e-06,4.595509874723675003e-01
7.497998398718975777e-01,1.853085704603138187e-06,4.595509874723675003e-01
7.506004803843074891e-01,2.049141469271400340e-06,4.595509874723675003e-01
7.514011208967174005e-01,2.265068519497306140e-06,4.595509874723675003e-01
7.522017614091273119e-01,2.502785966136466866e-06,4.595509874723675003e-01
7.530024019215372233e-01,2.764388280391002268e-06,4.595509874723675003e-01
7.538030424339472457e-01,3.052160307766804829e-06,4.595509874723675003e-01
7.546036829463571571e-01,3.368593469462880372e-06,4.595509874723675003e-01
7.554043234587670685e-01,3.716403235991879487e-06,4.595509874723675003e-01
7.562049639711769800e-01,4.098547963074262177e-06,4.595509874723675003e-01
7.570056044835868914e-01,4.518249185347000822e-06,4.595509874723675003e-01
7.578062449959968028e-01,4.979013469188439147e-06,4.595509874723675003e-01
7.586068855084067142e-01,5.484655931988862363e-06,4.595509874723675003e-01
7.594075260208167366e-01,6.039325541494973166e-06,4.595509874723675003e-01
7.602081665332266480e-01,6.647532315435643340e-06,4.595509874723675003e-01
7.610088070456365594e-01,7.314176548497486429e-06,4.595509874723675003e-01
7.618094475580464708e-01,8.044580200864482871e-06,4.595509874723675003e-01
7.626100880704563822e-01,8.844520589971621987e-06,4.595509874723675003e-01
7.634107285828662937e-01,9.720266534853170409e-06,4.595509874723675003e-01
7.642113690952763161e-01,1.067861711048190007e-05,4.595509874723675003e-01
7.650120096076862275e-01,1.172694317781442868e-05,4.595509874723675003e-01
7.658126501200961389e-01,1.287323186385619606e-05,4.595509874723675003e-01
7.666132906325060503e-01,1.412613417496195989e-05,4.595509874723675003e-01
7.674139311449159617e-01,1.549501593576263435e-05,4.595509874723675003e-01
7.682145716573258731e-01,1.699001225557317539e-05,4.595509874723675003e-01
7.690152121697357845e-01,1.862208573387062768e-05,4.595509874723675003e-01
7.698158526821458070e-01,2.040308862643586916e-05,4.595509874723675003e-01
7.706164931945557184e-01,2.234582920400295366e-05,4.595509874723675003e-01
7.714171337069656298e-01,2.446414254576621813e-05,4.595509874723675003e-01
7.722177742193755412e-01,2.677296602080901061e-05,4.595509874723675003e-01
7.730184147317854526e-01,2.928841972147025796e-05,4.595509874723675003e-01
7.738190552441953640e-01,3.202789212377726700e-05,4.595509874723675003e-01
7.746196957566052754e-01,3.501013126138100836e-05,4.595509874723675003e-01
7.754203362690152979e-01,3.825534171087061709e-05,4.595509874723675003e-01
7.762209767814252093e-01,4.178528769789428989e-05,4.595509874723675003e-01
7.770216172938351207e-01,4.562340264515673865e-05,4.595509874723675003e-01
7.778222578062450321e-01,4.979490549506782027e-05,4.595509874723675003e-01
7.786228983186549435e-01,5.432692415150873808e-05,4.595509874723675003e-01
7.794235388310648549e-01,5.924862639687911533e-05,4.595509874723675003e-01
7.802241793434748773e-01,6.459135865217118617e-05,4.595509874723675003e-01
7.810248198558847887e-01,7.038879295933348087e-05,4.595509874723675003e-01
7.818254603682947002e-01,7.667708257648101064e-05,4.595509874723675003e-01
7.826261008807046116e-01,8.349502658758479426e-05,4.595509874723675003e-01
7.834267413931145230e-01,9.088424393910102131e-05,4.595509874723675003e-01
7.842273819055244344e-01,9.888935732638516379e-05,4.595509874723675003e-01
7.850280224179343458e-01,1.075581873627946068e-04,4.595509874723675003e-01
7.858286629303443682e-01,1.169419574738551828e-04,4.595509874723675003e-01
7.866293034427542796e-01,1.270955099678418830e-04,4.595509874723675003e-01
7.874299439551641910e-01,1.380775337423397809e-04,4.595509874723675003e-01
7.882305844675741024e-01,1.499508040939396658e-04,4.595509874723675003e-01
7.890312249799840139e-01,1.627824351048392170e-04,4.595509874723675003e-01
7.898318654923939253e-01,1.766441450859143364e-04,4.595509874723675003e-01
7.906325060048038367e-01,1.916125355604651650e-04,4.595509874723675003e-01
7.914331465172138591e-01,2.077693842764574521e-04,4.595509874723675003e-01
7.922337870296237705e-01,2.252019527372839099e-04,4.595509874723675003e-01
7.930344275420336819e-01,2.440033087421067111e-04,4.595509874723675003e-01
7.938350680544435933e-01,2.642726644261163597e-04,4.595509874723675003e-01
7.946357085668535047e-01,2.861157302889728296e-04,4.595509874723675003e-01
7.954363490792634162e-01,3.096450856956739126e-04,4.595509874723675003e-01
7.962369895916734386e-01,3.349805663282803001e-04,4.595509874723675003e-01
7.970376301040833500e-01,3.622496690590504926e-04,4.595509874723675003e-01
7.978382706164932614e-01,3.915879747056369930e-04,4.595509874723675003e-01
7.986389111289031728e-01,4.231395891165646152e-04,4.595509874723675003e-01
7.994395516413130842e-01,4.570576030206072692e-04,4.595509874723675003e-01
8.002401921537229956e-01,4.935045710562544451e-04,4.595509874723675003e-01
8.010408326661329070e-01,5.326530103774788352e-04,4.595509874723675003e-01
8.018414731785429295e-01,5.746859192091539068e-04,4.595509874723675003e-01
8.026421136909528409e-01,6.197973156990204758e-04,4.595509874723675003e-01
8.034427542033627523e-01,6.681927973848907163e-04,4.595509874723675003e-01
8.042433947157726637e-01,7.200901215622101123e-04,4.595509874723675003e-01
8.050440352281825751e-01,7.757198068019399446e-04,4.595509874723675003e-01
8.058446757405924865e-01,8.353257558289584918e-04,4.595509874723675003e-01
8.066453162530023979e-01,8.991658999275057261e-04,4.595509874723675003e-01
8.074459567654124204e-01,9.675128649933438952e-04,4.595509874723675003e-01
8.082465972778223318e-01,1.040654659301031102e-03,4.595509874723675003e-01
8.090472377902322432e-01,1.118895382998985567e-03,4.595509874723675003e-01
8.098478783026421546e-01,1.202555959285693532e-03,4.595509874723675003e-01
8.106485188150520660e-01,1.291974887155857010e-03,4.595509874723675003e-01
8.114491593274619774e-01,1.387509015537333667e-03,4.595509874723675003e-01
8.122497998398719998e-01,1.489534338565929672e-03,4.595509874723675003e-01
8.130504403522819112e-01,1.598446811667580047e-03,4.595509874723675003e-01
8.138510808646918226e-01,1.714663188035005269e-03,4.595509874723675003e-01
8.146517213771017341e-01,1.838621874998173878e-03,4.595509874723675003e-01
8.154523618895116455e-01,1.970783809696381381e-03,4.595509874723675003e-01
8.162530024019215569e-01,2.111633353361550003e-03,4.595509874723675003e-01
8.170536429143314683e-01,2.261679203422046081e-03,4.595509874723675003e-01
8.178542834267414907e-01,2.421455322528022393e-03,4.595509874723675003e-01
8.186549239391514021e-01,2.591521883489067771e-03,4.595509874723675003e-01
8.194555644515613135e-01,2.772466228997356574e-03,4.595509874723675003e-01
8.202562049639712249e-01,2.964903844889512589e-03,4.595509874723675003e-01
8.210568454763811364e-01,3.169479345574964264e-03,4.595509874723675003e-01
8.218574859887910478e-01,3.386867470127570990e-03,4.595509874723675003e-01
8.226581265012009592e-01,3.617774087403899906e-03,4.595509874723675003e-01
8.234587670136109816e-01,3.862937208413195871e-03,4.595509874723675003e-01
8.242594075260208930e-01,4.123128004021607042e-03,4.595509874723675003e-01
8.250600480384308044e-01,4.399151825928192608e-03,4.595509874723675003e-01
8.258606885508407158e-01,4.691849228700051624e-03,4.595509874723675003e-01
8.266613290632506272e-01,5.002096990502740738e-03,4.595509874723675003e-01
8.274619695756605386e-01,5.330809130008104697e-03,4.595509874723675003e-01
8.282626100880704501e-01,5.678937916802847402e-03,4.595509874723675003e-01
8.290632506004804725e-01,6.047474872463194304e-03,4.595509874723675003e-01
8.298638911128903839e-01,6.437451759300580161e-03,4.595509874723675003e-01
8.306645316253002953e-01,6.849941553622906215e-03,4.595509874723675003e-01
8.314651721377102067e-01,7.286059400190707074e-03,4.595509874723675003e-01
8.322658126501201181e-01,7.746963544387935711e-03,4.595509874723675003e-01
8.330664531625300295e-01,8.233856238465285179e-03,4.595509874723675003e-01
8.338670936749400520e-01,8.747984618049936198e-03,4.595509874723675003e-01
8.346677341873499634e-01,9.290641544960231979e-03,4.595509874723675003e-01
8.354683746997598748e-01,9.863166412200205860e-03,4.595509874723675003e-01
8.362690152121697862e-01,1.046694590686153385e-02,4.595509874723675003e-01
8.370696557245796976e-01,1.110341472650225141e-02,4.595509874723675003e-01
8.378702962369896090e-01,1.177405624443143492e-02,4.595509874723675003e-01
8.386709367493995204e-01,1.248040311918319906e-02,4.595509874723675003e-01
8.394715772618095428e-01,1.322403784333294093e-02,4.595509874723675003e-01
8.402722177742194543e-01,1.400659322667836826e-02,4.595509874723675003e-01
8.410728582866293657e-01,1.482975280869641699e-02,4.595509874723675003e-01
8.418734987990392771e-01,1.569525119507225036e-02,4.595509874723675003e-01
8.426741393114491885e-01,1.660487431300329206e-02,4.595509874723675003e-01
8.434747798238590999e-01,1.756045957989921941e-02,4.595509874723675003e-01
8.442754203362690113e-01,1.856389598001692218e-02,4.595509874723675003e-01
8.450760608486790337e-01,1.961712404351857036e-02,4.595509874723675003e-01
8.458767013610889451e-01,2.072213572239329366e-02,4.595509874723675003e-01
8.466773418734988566e-01,2.188097415764342357e-02,4.595509874723675003e-01
8.474779823859087680e-01,2.309573333213484764e-02,4.595509874723675003e-01
8.482786228983186794e-01,2.436855760349705691e-02,4.595509874723675003e-01
8.490792634107285908e-01,2.570164111148217495e-02,4.595509874723675003e-01
8.498799039231386132e-01,2.709722705423274827e-02,4.595509874723675003e-01
8.506805444355485246e-01,2.855760682794689087e-02,4.595509874723675003e-01
8.514811849479584360e-01,3.008511902451920308e-02,4.595509874723675003e-01
8.522818254603683474e-01,3.168214828182285003e-02,4.595509874723675003e-01
8.530824659727782588e-01,3.335112398141776985e-02,4.595509874723675003e-01
8.538831064851881703e-01,3.509451878860913449e-02,4.595509874723675003e-01
8.546837469975980817e-01,3.691484702994231315e-02,4.595509874723675003e-01
8.554843875100081041e-01,3.881466290341292064e-02,4.595509874723675003e-01
8.562850280224180155e-01,4.079655851688877150e-02,4.595509874723675003e-01
8.570856685348279269e-01,4.286316175046048921e-02,4.595509874723675003e-01
8.578863090472378383e-01,4.501713393872605606e-02,4.595509874723675003e-01
8.586869495596477497e-01,4.726116736928914069e-02,4.595509874723675003e-01
8.594875900720576611e-01,4.959798259407671717e-02,4.595509874723675003e-01
8.602882305844675725e-01,5.203032555043590746e-02,4.595509874723675003e-01
8.610888710968775950e-01,5.456096448932330756e-02,4.595509874723675003e-01
8.618895116092875064e-01,5.719268670830170154e-02,4.595509874723675003e-01
8.626901521216974178e-01,5.992829508751241346e-02,4.595509874723675003e-01
8.634907926341073292e-01,6.277060442720724942e-02,4.595509874723675003e-01
8.642914331465172406e-01,6.572243758593179774e-02,4.595509874723675003e-01
8.650920736589271520e-01,6.878662141892777360e-02,4.595509874723675003e-01
8.658927141713371745e-01,7.196598251690013159e-02,4.595509874723675003e-01
8.666933546837470859e-01,7.526334274579779549e-02,4.595509874723675003e-01
8.674939951961569973e-01,7.868151458886184224e-02,4.595509874723675003e-01
8.682946357085669087e-01,8.222329629280285268e-02,4.595509874723675003e-01
8.690952762209768201e-01,8.589146682058050597e-02,4.595509874723675003e-01
8.698959167333867315e-01,8.968878061391961920e-02,4.595509874723675003e-01
8.706965572457966429e-01,9.361796216932274928e-02,4.595509874723675003e-01
8.714971977582066653e-01,9.768170043208647402e-02,4.595509874723675003e-01
8.722978382706165768e-01,1.018826430134720379e-01,4.595509874723675003e-01
8.730984787830264882e-01,1.062233902369129485e-01,4.595509874723675003e-01
8.738991192954363996e-01,1.107064890198759394e-01,4.595509874723675003e-01
8.746997598078463110e-01,1.153344265987189948e-01,4.595509874723675003e-01
8.755004003202562224e-01,1.201096241046401836e-01,4.595509874723675003e-01
8.763010408326661338e-01,1.250344299995706510e-01,4.595509874723675003e-01
8.771016813450761562e-01,1.301111133816053311e-01,4.595509874723675003e-01
8.779023218574860676e-01,1.353418571703382811e-01,4.595509874723675003e-01
8.787029623698959790e-01,1.407287511832175098e-01,4.595509874723675003e-01
8.795036028823058905e-01,1.462737851147549173e-01,4.595509874723675003e-01
8.803042433947158019e-01,1.519788414312790159e-01,4.595509874723675003e-01
8.811048839071257133e-01,1.578456881945163315e-01,4.595509874723675003e-01
8.819055244195357357e-01,1.638759718281071476e-01,4.595509874723675003e-01
8.827061649319456471e-01,1.700712098418293572e-01,4.595509874723675003e-01
8.835068054443555585e-01,1.764327835290100677e-01,4.595509874723675003e-01
8.843074459567654699e-01,1.829619306532497269e-01,4.595509874723675003e-01
8.851080864691753813e-01,1.896597381412717387e-01,4.595509874723675003e-01
8.859087269815852927e-01,1.965271347992640361e-01,4.595509874723675003e-01
8.867093674939952042e-01,2.035648840707027507e-01,4.595509874723675003e-01
8.875100080064052266e-01,2.107735768541922350e-01,4.595509874723675003e-01
8.883106485188151380e-01,2.181536244003694780e-01,4.595509874723675003e-01
8.891112890312250494e-01,2.257052513073427302e-01,4.595509874723675003e-01
8.899119295436349608e-01,2.334284886346519317e-01,4.595509874723675003e-01
8.907125700560448722e-01,2.413231671559761260e-01,4.595509874723675003e-01
8.915132105684547836e-01,2.493889107713103404e-01,4.595509874723675003e-01
8.923138510808646950e-01,2.576251300994916171e-01,4.595509874723675003e-01
8.931144915932747175e-01,2.660310162721666871e-01,4.595509874723675003e-01
8.939151321056846289e-01,2.746055349505439613e-01,4.595509874723675003e-01
8.947157726180945403e-01,2.833474205862480111e-01,4.595509874723675003e-01
8.955164131305044517e-01,2.922551709477600457e-01,4.595509874723675003e-01
8.963170536429143631e-01,3.013270419337961137e-01,4.595509874723675003e-01
8.971176941553242745e-01,3.105610426949187985e-01,4.595509874723675003e-01
8.979183346677341859e-01,3.199549310844863048e-01,4.595509874723675003e-01
8.987189751801442084e-01,3.295062094597949742e-01,4.595509874723675003e-01
8.995196156925541198e-01,3.392121208540656019e-01,4.595509874723675003e-01
9.003202562049640312e-01,3.490696455393537123e-01,4.595509874723675003e-01
9.011208967173739426e-01,3.590754980001341079e-01,4.595509874723675003e-01
9.019215372297838540e-01,3.692261243367601087e-01,4.595509874723675003e-01
9.027221777421937654e-01,3.795177001173440923e-01,4.595509874723675003e-01
9.035228182546037878e-01,3.899461286959546857e-01,4.595509874723675003e-01
9.043234587670136992e-01,4.005070400141581000e-01,4.595509874723675003e-01
9.051240992794236107e-01,4.111957899023029328e-01,4.595509874723675003e-01
9.059247397918335221e-01,4.220074598957964107e-01,4.595509874723675003e-01
9.067253803042434335e-01,4.329368575808785202e-01,4.595509874723675003e-01
9.075260208166533449e-01,4.439785174830773173e-01,4.595509874723675003e-01
9.083266613290632563e-01,4.551267025106093822e-01,4.595509874723675003e-01
9.091273018414732787e-01,4.663754059637462701e-01,4.595509874723675003e-01
9.099279423538831901e-01,4.777183541197752015e-01,4.595509874723675003e-01
9.107285828662931015e-01,4.891490094020967683e-01,4.595509874723675003e-01
9.115292233787030129e-01,5.006605741404088761e-01,4.595509874723675003e-01
9.123298638911129244e-01,5.122459949275874891e-01,4.595509874723675003e-01
9.131305044035228358e-01,5.238979675774393385e-01,4.595509874723675003e-01
9.139311449159327472e-01,5.356089426857928437e-01,4.595509874723675003e-01
9.147317854283427696e-01,5.473711317959232270e-01,4.595509874723675003e-01
9.155324259407526810e-01,5.591765141677268458e-01,4.595509874723675003e-01
9.163330664531625924e-01,5.710168441482844637e-01,4.595509874723675003e-01
9.171337069655725038e-01,5.828836591400206046e-01,4.595509874723675003e-01
9.179343474779824152e-01,5.947682881604672289e-01,4.595509874723675003e-01
9.187349879903923267e-01,6.066618609863722034e-01,4.595509874723675003e-01
9.195356285028023491e-01,6.185553178729525925e-01,4.595509874723675003e-01
9.203362690152122605e-01,6.304394198374441149e-01,4.595509874723675003e-01
9.211369095276221719e-01,6.423047594941981853e-01,4.595509874723675003e-01
9.219375500400320833e-01,6.541417724268663303e-01,4.595509874723675003e-01
9.227381905524419947e-01,6.659407490815183461e-01,4.595509874723675003e-01
9.235388310648519061e-01,6.776918471628844420e-01,4.595509874723675003e-01
9.243394715772618175e-01,6.893851045141171641e-01,4.595509874723675003e-01
9.251401120896718400e-01,7.010104524587074115e-01,4.595509874723675003e-01
9.259407526020817514e-01,7.125577295818136259e-01,4.595509874723675003e-01
9.267413931144916628e-01,7.240166959263608648e-01,4.595509874723675003e-01
9.275420336269015742e-01,7.353770475778947935e-01,4.595509874723675003e-01
9.283426741393114856e-01,7.466284316108839914e-01,4.595509874723675003e-01
9.291433146517213970e-01,7.577604613673852851e-01,4.595509874723675003e-01
9.299439551641313084e-01,7.687627320379162299e-01,4.595509874723675003e-01
9.307445956765413309e-01,7.796248365126332569e-01,4.595509874723675003e-01
9.315452361889512423e-01,7.903363814699885248e-01,4.595509874723675003e-01
9.323458767013611537e-01,8.008870036690070027e-01,4.595509874723675003e-01
9.331465172137710651e-01,8.112663864103430988e-01,4.595509874723675003e-01
9.339471577261809765e-01,8.214642761304842278e-01,4.595509874723675003e-01
9.347477982385908879e-01,8.314704990926664596e-01,4.595509874723675003e-01
9.355484387510009103e-01,8.412749781363670909e-01,4.595509874723675003e-01
9.363490792634108217e-01,8.508677494466925229e-01,4.595509874723675003e-01
9.371497197758207331e-01,8.602389793043704325e-01,4.595509874723675003e-01
9.379503602882306446e-01,8.693789807776319822e-01,4.595509874723675003e-01
9.387510008006405560e-01,8.782782303180270977e-01,4.595509874723675003e-01
9.395516413130504674e-01,8.869273842222142878e-01,4.595509874723675003e-01
9.403522818254603788e-01,8.953172949203737074e-01,4.595509874723675003e-01
9.411529223378704012e-01,9.034390270501243547e-01,4.595509874723675003e-01
9.419535628502803126e-01,9.112838732724255486e-01,4.595509874723675003e-01
9.427542033626902240e-01,9.188433697873202854e-01,4.595509874723675003e-01
9.435548438751001354e-01,9.261093115116252328e-01,4.595509874723675003e-01
9.443554843875100469e-01,9.330737668868441803e-01,4.595509874723675003e-01
9.451561248999199583e-01,9.397290922894441234e-01,4.595509874723675003e-01
9.459567654123298697e-01,9.460679460128900153e-01,4.595509874723675003e-01
9.467574059247398921e-01,9.520833017815980570e-01,4.595509874723675003e-01
9.475580464371498035e-01,9.577684617445861859e-01,4.595509874723675003e-01
9.483586869495597149e-01,9.631170688916106393e-01,4.595509874723675003e-01
9.491593274619696263e-01,9.681231188455661218e-01,4.595509874723675003e-01
9.499599679743795377e-01,9.727809710121991804e-01,4.595509874723675003e-01
9.507606084867894491e-01,9.770853591015136175e-01,4.595509874723675003e-01
9.515612489991994716e-01,9.810314010542734442e-01,4.595509874723675003e-01
9.523618895116093830e-01,9.846146083911058167e-01,4.595509874723675003e-01
9.531625300240192944e-01,9.878308949469913891e-01,4.595509874723675003e-01
9.539631705364292058e-01,9.906765848765807236e-01,4.595509874723675003e-01
9.547638110488391172e-01,9.931484197566758931e-01,4.595509874723675003e-01
9.555644515612490286e-01,9.952435646183679374e-01,4.595509874723675003e-01
9.563650920736589400e-01,9.969596128444009331e-01,4.595509874723675003e-01
9.571657325860689625e-01,9.982945900596031930e-01,4.595509874723675003e-01
9.579663730984788739e-01,9.992469573627883461e-01,4.595509874723675003e-01
9.587670136108887853e-01,9.998156143720339228e-01,4.595509874723675003e-01
9.595676541232986967e-01,9.999999023829260203e-01,4.595509874723675003e-01
9.603682946357086081e-01,9.997996072596485595e-01,4.595509874723675003e-01
9.611689351481185195e-01,9.992149608018465745e-01,4.595509874723675003e-01
9.619695756605284309e-01,9.982466396697620148e-01,4.595509874723675003e-01
9.627702161729384533e-01,9.968957625964794955e-01,4.595509874723675003e-01
9.635708566853483648e-01,9.951638871345229731e-01,4.595509874723675003e-01
9.643714971977582762e-01,9.930530063822763376e-01,4.595509874723675003e-01
9.651721377101681876e-01,9.905655454776083335e-01,4.595509874723675003e-01
9.659727782225780990e-01,9.877043574800808967e-01,4.595509874723675003e-01
9.667734187349880104e-01,9.844727183605500587e-01,4.595509874723675003e-01
9.675740592473979218e-01,9.808743209835345533e-01,4.595509874723675003e-01
9.683746997598079442e-01,9.769132681052250522e-01,4.595509874723675003e-01
9.691753402722178556e-01,9.725940644840082028e-01,4.595509874723675003e-01
9.699759807846277671e-01,9.679216082137076516e-01,4.595509874723675003e-01
9.707766212970376785e-01,9.629011813652087470e-01,4.595509874723675003e-01
9.715772618094475899e-01,9.575384399859619977e-01,4.595509874723675003e-01
9.723779023218575013e-01,9.518394034778278057e-01,4.595509874723675003e-01
9.731785428342675237e-01,9.458104433609267891e-01,4.595509874723675003e-01
9.739791833466774351e-01,9.394582714323057582e-01,4.595509874723675003e-01
9.747798238590873465e-01,9.327899273377273648e-01,4.595509874723675003e-01
9.755804643714972579e-01,9.258127655854837545e-01,4.595509874723675003e-01
9.763811048839071693e-01,9.185344420388854569e-01,4.595509874723675003e-01
9.771817453963170808e-01,9.109628999266871086e-01,4.595509874723675003e-01
9.779823859087269922e-01,9.031063554111742331e-01,4.595509874723675003e-01
9.787830264211370146e-01,8.949732827523222412e-01,4.595509874723675003e-01
9.795836669335469260e-01,8.865723991047782526e-01,4.595509874723675003e-01
9.803843074459568374e-01,8.779126489851495352e-01,4.595509874723675003e-01
9.811849479583667488e-01,8.690031884470158507e-01,4.595509874723675003e-01
9.819855884707766602e-01,8.598533690022184262e-01,4.595509874723675003e-01
9.827862289831865716e-01,8.504727213279957843e-01,4.595509874723675003e-01
9.835868694955964830e-01,8.408709387995426665e-01,4.595509874723675003e-01
9.843875100080065055e-01,8.310578608879295448e-01,4.595509874723675003e-01
9.851881505204164169e-01,8.210434564631187149e-01,4.595509874723675003e-01
9.859887910328263283e-01,8.108378070413437833e-01,4.595509874723675003e-01
9.867894315452362397e-01,8.004510900160499709e-01,4.595509874723675003e-01
9.875900720576461511e-01,7.898935619107798622e-01,4.595509874723675003e-01
9.883907125700560625e-01,7.791755416922645505e-01,4.595509874723675003e-01
9.891913530824660850e-01,7.683073941810981689e-01,4.595509874723675003e-01
9.899919935948759964e-01,7.572995135967334202e-01,4.595509874723675003e-01
9.907926341072859078e-01,7.461623072727135986e-01,4.595509874723675003e-01
9.915932746196958192e-01,7.349061795771041350e-01,4.595509874723675003e-01
9.923939151321057306e-01,7.235415160719674832e-01,4.595509874723675003e-01
9.931945556445156420e-01,7.120786679446129419e-01,4.595509874723675003e-01
9.939951961569255534e-01,7.005279367422103665e-01,4.595509874723675003e-01
9.947958366693355758e-01,6.888995594400415534e-01,4.595509874723675003e-01
9.955964771817454873e-01,6.772036938721347488e-01,4.595509874723675003e-01
9.963971176941553987e-01,6.654504045519940014e-01,4.595509874723675003e-01
9.971977582065653101e-01,6.536496489090422024e-01,4.595509874723675003e-01
9.979983987189752215e-01,6.418112639654690588e-01,4.595509874723675003e-01
9.987990392313851329e-01,6.299449534762678882e-01,4.595509874723675003e-01
9.995996797437950443e-01,6.180602755535583581e-01,4.595509874723675003e-01
