x, u, time
4.003202562049639444e-04,7.224594371419094246e-04,3.451279838960869539e-01
1.200960768614891833e-03,6.704027066282832945e-04,3.451279838960869539e-01
2.001601281024820156e-03,6.218576964405779159e-04,3.451279838960869539e-01
2.802241793434748045e-03,5.766061001609440071e-04,3.451279838960869539e-01
3.602882305844675934e-03,5.344417971684709652e-04,3.451279838960869539e-01
4.403522818254604690e-03,4.951702713454637483e-04,3.451279838960869539e-01
5.204163330664531711e-03,4.586080506960696812e-04,3.451279838960869539e-01
6.004803843074460468e-03,4.245821675930775536e-04,3.451279838960869539e-01
6.805444355484387489e-03,3.929296393361291547e-04,3.451279838960869539e-01
7.606084867894316245e-03,3.634969686753142140e-04,3.451279838960869539e-01
8.406725380304245002e-03,3.361396639279421936e-04,3.451279838960869539e-01
9.207365892714172023e-03,3.107217782933234204e-04,3.451279838960869539e-01
1.000800640512410078e-02,2.871154679501156191e-04,3.451279838960869539e-01
1.080864691753402780e-02,2.652005685033763144e-04,3.451279838960869539e-01
1.160928742994395656e-02,2.448641893336856302e-04,3.451279838960869539e-01
1.240992794235388358e-02,2.260003253881457265e-04,3.451279838960869539e-01
1.321056845476381233e-02,2.085094859431845145e-04,3.451279838960869539e-01
1.401120896717374109e-02,1.922983398609244587e-04,3.451279838960869539e-01
1.481184947958366811e-02,1.772793768551631183e-04,3.451279838960869539e-01
1.561248999199359687e-02,1.633705842788276883e-04,3.451279838960869539e-01
1.641313050440352389e-02,1.504951389426040329e-04,3.451279838960869539e-01
1.721377101681344918e-02,1.385811134737322079e-04,3.451279838960869539e-01
1.801441152922337793e-02,1.275611967247876040e-04,3.451279838960869539e-01
1.881505204163330669e-02,1.173724277445938551e-04,3.451279838960869539e-01
1.961569255404323545e-02,1.079559428268080595e-04,3.451279838960869539e-01
2.041633306645316420e-02,9.925673515641434102e-05,3.451279838960869539e-01
2.121697357886308949e-02,9.122342658008255440e-05,3.451279838960869539e-01
2.201761409127301825e-02,8.380805103292766119e-05,3.451279838960869539e-01
2.281825460368294700e-02,7.696584916173956057e-05,3.451279838960869539e-01
2.361889511609287576e-02,7.065507369297445927e-05,3.451279838960869539e-01
2.441953562850280104e-02,6.483680510271843463e-05,3.451279838960869539e-01
2.522017614091272980e-02,5.947477715529292559e-05,3.451279838960869539e-01
2.602081665332265856e-02,5.453521188720299282e-05,3.451279838960869539e-01
2.682145716573258731e-02,4.998666362349665543e-05,3.451279838960869539e-01
2.762209767814251607e-02,4.579987162442859149e-05,3.451279838960869539e-01
2.842273819055244136e-02,4.194762097137195550e-05,3.451279838960869539e-01
2.922337870296237011e-02,3.840461131222439284e-05,3.451279838960869539e-01
3.002401921537229887e-02,3.514733309803558486e-05,3.451279838960869539e-01
3.082465972778222763e-02,3.215395095420299200e-05,3.451279838960869539e-01
3.162530024019215291e-02,2.940419384122740001e-05,3.451279838960869539e-01
3.242594075260208514e-02,2.687925167176387126e-05,3.451279838960869539e-01
3.322658126501201042e-02,2.456167806237023987e-05,3.451279838960869539e-01
3.402722177742193571e-02,2.243529891001057840e-05,3.451279838960869539e-01
3.482786228983186794e-02,2.048512649493964280e-05,3.451279838960869539e-01
3.562850280224179322e-02,1.869727882303364887e-05,3.451279838960869539e-01
3.642914331465172545e-02,1.705890393193035327e-05,3.451279838960869539e-01
3.722978382706165074e-02,1.555810889649315046e-05,3.451279838960869539e-01
3.803042433947157602e-02,1.418389328004487329e-05,3.451279838960869539e-01
3.883106485188150825e-02,1.292608678855976060e-05,3.451279838960869539e-01
3.963170536429143354e-02,1.177529089551054853e-05,3.451279838960869539e-01
4.043234587670136576e-02,1.072282421533195764e-05,3.451279838960869539e-01
4.123298638911129105e-02,9.760671413476616071e-06,3.451279838960869539e-01
4.203362690152121633e-02,8.881435450785987975e-06,3.451279838960869539e-01
4.283426741393114856e-02,8.078292969371242286e-06,3.451279838960869539e-01
4.363490792634107385e-02,7.344952636394266423e-06,3.451279838960869539e-01
4.443554843875099913e-02,6.675616271046903103e-06,3.451279838960869539e-01
4.523618895116093136e-02,6.064942588642405095e-06,3.451279838960869539e-01
4.603682946357085665e-02,5.508013404060815648e-06,3.451279838960869539e-01
4.683746997598078887e-02,5.000302144822351628e-06,3.451279838960869539e-01
4.763811048839071416e-02,4.537644531804246181e-06,3.451279838960869539e-01
4.843875100080063945e-02,4.116211293064323539e-06,3.451279838960869539e-01
4.923939151321057167e-02,3.732482783395649684e-06,3.451279838960869539e-01
5.004003202562049696e-02,3.383225389108578768e-06,3.451279838960869539e-01
5.084067253803042918e-02,3.065469604126541620e-06,3.451279838960869539e-01
5.164131305044035447e-02,2.776489669796166203e-06,3.451279838960869539e-01
5.244195356285027976e-02,2.513784676849938557e-06,3.451279838960869539e-01
5.324259407526021198e-02,2.275061033731767466e-06,3.451279838960869539e-01
5.404323458767013727e-02,2.058216211006213499e-06,3.451279838960869539e-01
5.484387510008006950e-02,1.861323676828143677e-06,3.451279838960869539e-01
5.564451561248999478e-02,1.682618943455435632e-06,3.451279838960869539e-01
5.644515612489992007e-02,1.520486649553849697e-06,3.451279838960869539e-01
5.724579663730985229e-02,1.373448607575146471e-06,3.451279838960869539e-01
5.804643714971977758e-02,1.240152749795420070e-06,3.451279838960869539e-01
5.884707766212970981e-02,1.119362910686165039e-06,3.451279838960869539e-01
5.964771817453963509e-02,1.009949387166282905e-06,3.451279838960869539e-01
6.044835868694956038e-02,9.108802219541814194e-07,3.451279838960869539e-01
6.124899919935949261e-02,8.212131587149633058e-07,3.451279838960869539e-01
6.204963971176941789e-02,7.400882209838797558e-07,3.451279838960869539e-01
6.285028022417935012e-02,6.667208699535381351e-07,3.451279838960869539e-01
6.365092073658927541e-02,6.003956991447971771e-07,3.451279838960869539e-01
6.445156124899921457e-02,5.404606267480854746e-07,3.451279838960869539e-01
6.525220176140913986e-02,4.863215490295520636e-07,3.451279838960869539e-01
6.605284227381906514e-02,4.374374206528708038e-07,3.451279838960869539e-01
6.685348278622899043e-02,3.933157300792841363e-07,3.451279838960869539e-01
6.765412329863891572e-02,3.535083403824098131e-07,3.451279838960869539e-01
6.845476381104885488e-02,3.176076678571746355e-07,3.451279838960869539e-01
6.925540432345878017e-02,2.852431727203472558e-07,3.451279838960869539e-01
7.005604483586870546e-02,2.560781379997656592e-07,3.451279838960869539e-01
7.085668534827863074e-02,2.298067143967790672e-07,3.451279838960869539e-01
7.165732586068855603e-02,2.061512104870971207e-07,3.451279838960869539e-01
7.245796637309849519e-02,1.848596091052009495e-07,3.451279838960869539e-01
7.325860688550842048e-02,1.657032921419303349e-07,3.451279838960869539e-01
7.405924739791834577e-02,1.484749572790976876e-07,3.451279838960869539e-01
7.485988791032827105e-02,1.329867113940692761e-07,3.451279838960869539e-01
7.566052842273819634e-02,1.190683264960038286e-07,3.451279838960869539e-01
7.646116893514813551e-02,1.065656451083524931e-07,3.451279838960869539e-01
7.726180944755806079e-02,9.533912299389649276e-08,3.451279838960869539e-01
7.806244995996798608e-02,8.526249803304816108e-08,3.451279838960869539e-01
7.886309047237791137e-02,7.622157491756079726e-08,3.451279838960869539e-01
7.966373098478783665e-02,6.811311611389066682e-08,3.451279838960869539e-01
8.046437149719777582e-02,6.084383028687918428e-08,3.451279838960869539e-01
8.126501200960770110e-02,5.432945005873491974e-08,3.451279838960869539e-01
8.206565252201762639e-02,4.849389161361385352e-08,3.451279838960869539e-01
8.286629303442755168e-02,4.326848924771558722e-08,3.451279838960869539e-01
8.366693354683747696e-02,3.859129851151387316e-08,3.451279838960869539e-01
8.446757405924741613e-02,3.440646209744078317e-08,3.451279838960869539e-01
8.526821457165734142e-02,3.066363309562077646e-08,3.451279838960869539e-01
8.606885508406726670e-02,2.731745067458809384e-08,3.451279838960869539e-01
8.686949559647719199e-02,2.432706364568743895e-08,3.451279838960869539e-01
8.767013610888711728e-02,2.165569774127945262e-08,3.451279838960869539e-01
8.847077662129704256e-02,1.927026277998351716e-08,3.451279838960869539e-01
8.927141713370698173e-02,1.714099620900882062e-08,3.451279838960869539e-01
9.007205764611690701e-02,1.524113980594560767e-08,3.451279838960869539e-01
9.087269815852683230e-02,1.354664659195765740e-08,3.451279838960869539e-01
9.167333867093675759e-02,1.203591525677138288e-08,3.451279838960869539e-01
9.247397918334668288e-02,1.068954962468344547e-08,3.451279838960869539e-01
9.327461969575662204e-02,9.490140901458797059e-09,3.451279838960869539e-01
9.407526020816654733e-02,8.422070635773568234e-09,3.451279838960869539e-01
9.487590072057647261e-02,7.471332507038408340e-09,3.451279838960869539e-01
9.567654123298639790e-02,6.625371215157369848e-09,3.451279838960869539e-01
9.647718174539632319e-02,5.872936898140205608e-09,3.451279838960869539e-01
9.727782225780626235e-02,5.203953641485219424e-09,3.451279838960869539e-01
9.807846277021618764e-02,4.609400769842026849e-09,3.451279838960869539e-01
9.887910328262611293e-02,4.081205727517392771e-09,3.451279838960869539e-01
9.967974379503603821e-02,3.612147460722323929e-09,3.451279838960869539e-01
1.004803843074459635e-01,3.195769311833400379e-09,3.451279838960869539e-01
1.012810248198559027e-01,2.826300525059273087e-09,3.451279838960869539e-01
1.020816653322658280e-01,2.498585544419461546e-09,3.451279838960869539e-01
1.028823058446757532e-01,2.208020359464664365e-09,3.451279838960869539e-01
1.036829463570856785e-01,1.950495222253710698e-09,3.451279838960869539e-01
1.044835868694956038e-01,1.722343121280713932e-09,3.451279838960869539e-01
1.052842273819055430e-01,1.520293454789162947e-09,3.451279838960869539e-01
1.060848678943154683e-01,1.341430397672002025e-09,3.451279838960869539e-01
1.068855084067253935e-01,1.183155503344475977e-09,3.451279838960869539e-01
1.076861489191353188e-01,1.043154124972859928e-09,3.451279838960869539e-01
1.084867894315452441e-01,9.193652795972841878e-10,3.451279838960869539e-01
1.092874299439551833e-01,8.099546143242819094e-10,3.451279838960869539e-01
1.100880704563651086e-01,7.132901661838867789e-10,3.451279838960869539e-01
1.108887109687750339e-01,6.279206367206782332e-10,3.451279838960869539e-01
1.116893514811849591e-01,5.525559291720200909e-10,3.451279838960869539e-01
1.124899919935948844e-01,4.860497204122179985e-10,3.451279838960869539e-01
1.132906325060048236e-01,4.273838619219618633e-10,3.451279838960869539e-01
1.140912730184147489e-01,3.756544240755379374e-10,3.451279838960869539e-01
1.148919135308246742e-01,3.300592162031694220e-10,3.451279838960869539e-01
1.156925540432345995e-01,2.898866313486962234e-10,3.451279838960869539e-01
1.164931945556445247e-01,2.545056795551461142e-10,3.451279838960869539e-01
1.172938350680544639e-01,2.233570870111268427e-10,3.451279838960869539e-01
1.180944755804643892e-01,1.959453506073576460e-10,3.451279838960869539e-01
1.188951160928743145e-01,1.718316485006981739e-10,3.451279838960869539e-01
1.196957566052842398e-01,1.506275172697909884e-10,3.451279838960869539e-01
1.204963971176941651e-01,1.319892152690532061e-10,3.451279838960869539e-01
1.212970376301040903e-01,1.156126999348632716e-10,3.451279838960869539e-01
1.220976781425140295e-01,1.012291541508951001e-10,3.451279838960869539e-01
1.228983186549239548e-01,8.860100341240353507e-11,3.451279838960869539e-01
1.236989591673338801e-01,7.751837150946648865e-11,3.451279838960869539e-01
1.244995996797438054e-01,6.779592783805977817e-11,3.451279838960869539e-01
1.253002401921537168e-01,5.927008430160199629e-11,3.451279838960869539e-01
1.261008807045636559e-01,5.179650413493658025e-11,3.451279838960869539e-01
1.269015212169735674e-01,4.524788891414331985e-11,3.451279838960869539e-01
1.277021617293835065e-01,3.951201355106706482e-11,3.451279838960869539e-01
1.285028022417934457e-01,3.448998224941809430e-11,3.451279838960869539e-01
1.293034427542033571e-01,3.009468125431442127e-11,3.451279838960869539e-01
1.301040832666132963e-01,2.624940679085250354e-11,3.451279838960869539e-01
1.309047237790232077e-01,2.288664888818492270e-11,3.451279838960869539e-01
1.317053642914331468e-01,1.994701384963977864e-11,3.451279838960869539e-01
1.325060048038430860e-01,1.737826998004565594e-11,3.451279838960869539e-01
1.333066453162529974e-01,1.513450283986888271e-11,3.451279838960869539e-01
1.341072858286629366e-01,1.317536778128931972e-11,3.451279838960869539e-01
1.349079263410728480e-01,1.146542885125976183e-11,3.451279838960869539e-01
1.357085668534827871e-01,9.973574336663736113e-12,3.451279838960869539e-01
1.365092073658927263e-01,8.672500291051351545e-12,3.451279838960869539e-01
1.373098478783026377e-01,7.538254333934933747e-12,3.451279838960869539e-01
1.381104883907125769e-01,6.549832863792826962e-12,3.451279838960869539e-01
1.389111289031224883e-01,5.688825585196596417e-12,3.451279838960869539e-01
1.397117694155324275e-01,4.939101928218042501e-12,3.451279838960869539e-01
1.405124099279423666e-01,4.286534542956680791e-12,3.451279838960869539e-01
1.413130504403522780e-01,3.718755591266901019e-12,3.451279838960869539e-01
1.421136909527622172e-01,3.224942038400145530e-12,3.451279838960869539e-01
1.429143314651721286e-01,2.795626575479237989e-12,3.451279838960869539e-01
1.437149719775820678e-01,2.422531185019890034e-12,3.451279838960869539e-01
1.445156124899920069e-01,2.098420701086976171e-12,3.451279838960869539e-01
1.453162530024019183e-01,1.816974017579919277e-12,3.451279838960869539e-01
1.461168935148118575e-01,1.572670866591923242e-12,3.451279838960869539e-01
1.469175340272217689e-01,1.360692327374321237e-12,3.451279838960869539e-01
1.477181745396317081e-01,1.176833438380021934e-12,3.451279838960869539e-01
1.485188150520416472e-01,1.017426473044159737e-12,3.451279838960869539e-01
1.493194555644515586e-01,8.792736069701215200e-13,3.451279838960869539e-01
1.501200960768614978e-01,7.595878523353463163e-13,3.451279838960869539e-01
1.509207365892714092e-01,6.559412666825045240e-13,3.451279838960869539e-01
1.517213771016813484e-01,5.662195596667744635e-13,3.451279838960869539e-01
1.525220176140912876e-01,4.885823244402145611e-13,3.451279838960869539e-01
1.533226581265011990e-01,4.214282116446311085e-13,3.451279838960869539e-01
1.541232986389111381e-01,3.633644447722541955e-13,3.451279838960869539e-01
1.549239391513210495e-01,3.131801471126621251e-13,3.451279838960869539e-01
1.557245796637309887e-01,2.698230136828702728e-13,3.451279838960869539e-01
1.565252201761409279e-01,2.323789173678831271e-13,3.451279838960869539e-01
1.573258606885508393e-01,2.000540878131928019e-13,3.451279838960869539e-01
1.581265012009607784e-01,1.721595451486141702e-13,3.451279838960869539e-01
1.589271417133706898e-01,1.480975090430297324e-13,3.451279838960869539e-01
1.597277822257806290e-01,1.273495374778057134e-13,3.451279838960869539e-01
1.605284227381905682e-01,1.094661795034317432e-13,3.451279838960869539e-01
1.613290632506004796e-01,9.405795257182666089e-14,3.451279838960869539e-01
1.621297037630104187e-01,8.078747822661317101e-14,3.451279838960869539e-01
1.629303442754203302e-01,6.936263034979295430e-14,3.451279838960869539e-01
1.637309847878302693e-01,5.953056812928775016e-14,3.451279838960869539e-01
1.645316253002402085e-01,5.107254171427846157e-14,3.451279838960869539e-01
1.653322658126501199e-01,4.379937241835265920e-14,3.451279838960869539e-01
1.661329063250600591e-01,3.754752153916834152e-14,3.451279838960869539e-01
1.669335468374699705e-01,3.217567258698577471e-14,3.451279838960869539e-01
1.677341873498799096e-01,2.756176112919042499e-14,3.451279838960869539e-01
1.685348278622898488e-01,2.360039471986832021e-14,3.451279838960869539e-01
1.693354683746997602e-01,2.020061263037315351e-14,3.451279838960869539e-01
1.701361088871096994e-01,1.728394145043026871e-14,3.451279838960869539e-01
1.709367493995196108e-01,1.478270819722690413e-14,3.451279838960869539e-01
1.717373899119295499e-01,1.263857744703972138e-14,3.451279838960869539e-01
1.725380304243394614e-01,1.080128327400894977e-14,3.451279838960869539e-01
1.733386709367494005e-01,9.227530517530152420e-15,3.451279838960869539e-01
1.741393114491593397e-01,7.880043168482383445e-15,3.451279838960869539e-01
1.749399519615692511e-01,6.726740522470380274e-15,3.451279838960869539e-01
1.757405924739791903e-01,5.740024245930344451e-15,3.451279838960869539e-01
1.765412329863891017e-01,4.896161682745844123e-15,3.451279838960869539e-01
1.773418734987990408e-01,4.174752634024305045e-15,3.451279838960869539e-01
1.781425140112089800e-01,3.558268506256931925e-15,3.451279838960869539e-01
1.789431545236188914e-01,3.031654173421560628e-15,3.451279838960869539e-01
1.797437950360288306e-01,2.581984163199011068e-15,3.451279838960869539e-01
1.805444355484387420e-01,2.198165879651517080e-15,3.451279838960869539e-01
1.813450760608486811e-01,1.870683534879565407e-15,3.451279838960869539e-01
1.821457165732586203e-01,1.591377298255381973e-15,3.451279838960869539e-01
1.829463570856685317e-01,1.353252899528711343e-15,3.451279838960869539e-01
1.837469975980784709e-01,1.150317555182546920e-15,3.451279838960869539e-01
1.845476381104883823e-01,9.774386379349599682e-16,3.451279838960869539e-01
1.853482786228983215e-01,8.302219877890336522e-16,3.451279838960869539e-01
1.861489191353082606e-01,7.049071787616630769e-16,3.451279838960869539e-01
1.869495596477181720e-01,5.982774164439045770e-16,3.451279838960869539e-01
1.877502001601281112e-01,5.075820549218989061e-16,3.451279838960869539e-01
1.885508406725380226e-01,4.304699934822427339e-16,3.451279838960869539e-01
1.893514811849479618e-01,3.649324493249058025e-16,3.451279838960869539e-01
1.901521216973579009e-01,3.092538069106798839e-16,3.451279838960869539e-01
1.909527622097678123e-01,2.619694216794828959e-16,3.451279838960869539e-01
1.917534027221777515e-01,2.218294092669106292e-16,3.451279838960869539e-01
1.925540432345876629e-01,1.877675841359183312e-16,3.451279838960869539e-01
1.933546837469976021e-01,1.588748264445077076e-16,3.451279838960869539e-01
1.941553242594075412e-01,1.343762553532569031e-16,3.451279838960869539e-01
1.949559647718174527e-01,1.136116728966248721e-16,3.451279838960869539e-01
1.957566052842273918e-01,9.601881679032094276e-17,3.451279838960869539e-01
1.965572457966373032e-01,8.111902468020446923e-17,3.451279838960869539e-01
1.973578863090472424e-01,6.850496770984425763e-17,3.451279838960869539e-01
1.981585268214571816e-01,5.783015906974980766e-17,3.451279838960869539e-01
1.989591673338670930e-01,4.879998441232548574e-17,3.451279838960869539e-01
1.997598078462770321e-01,4.116403655885752747e-17,3.451279838960869539e-01
2.005604483586869435e-01,3.470956755720971998e-17,3.451279838960869539e-01
2.013610888710968827e-01,2.925589753785451257e-17,3.451279838960869539e-01
2.021617293835068219e-01,2.464964253928596664e-17,3.451279838960869539e-01
2.029623698959167333e-01,2.076064303218141664e-17,3.451279838960869539e-01
2.037630104083266724e-01,1.747849169841454310e-17,3.451279838960869539e-01
2.045636509207365838e-01,1.470957349122975929e-17,3.451279838960869539e-01
2.053642914331465230e-01,1.237454344115533625e-17,3.451279838960869539e-01
2.061649319455564622e-01,1.040617835916494748e-17,3.451279838960869539e-01
2.069655724579663736e-01,8.747547766756146779e-18,3.451279838960869539e-01
2.077662129703763128e-01,7.350457261541065065e-18,3.451279838960869539e-01
2.085668534827862242e-01,6.174124287585321215e-18,3.451279838960869539e-01
2.093674939951961633e-01,5.184052078269251708e-18,3.451279838960869539e-01
2.101681345076061025e-01,4.351072510610107764e-18,3.451279838960869539e-01
2.109687750200160139e-01,3.650532869965067425e-18,3.451279838960869539e-01
2.117694155324259531e-01,3.061605172982748392e-18,3.451279838960869539e-01
2.125700560448358645e-01,2.566699820856758114e-18,3.451279838960869539e-01
2.133706965572458036e-01,2.150968028659013716e-18,3.451279838960869539e-01
2.141713370696557428e-01,1.801879763744398167e-18,3.451279838960869539e-01
2.149719775820656542e-01,1.508865881939838972e-18,3.451279838960869539e-01
2.157726180944755934e-01,1.263014821775984207e-18,3.451279838960869539e-01
2.165732586068855048e-01,1.056815645057075586e-18,3.451279838960869539e-01
2.173738991192954439e-01,8.839404315382013998e-19,3.451279838960869539e-01
2.181745396317053831e-01,7.390600763947460247e-19,3.451279838960869539e-01
2.189751801441152945e-01,6.176884272859218835e-19,3.451279838960869539e-01
2.197758206565252337e-01,5.160504552328851955e-19,3.451279838960869539e-01
2.205764611689351451e-01,4.309707992053256288e-19,3.451279838960869539e-01
2.213771016813450843e-01,3.597795744865352503e-19,3.451279838960869539e-01
2.221777421937550234e-01,3.002328034859786135e-19,3.451279838960869539e-01
2.229783827061649348e-01,2.504452266140559087e-19,3.451279838960869539e-01
2.237790232185748740e-01,2.088335903315013044e-19,3.451279838960869539e-01
2.245796637309847854e-01,1.740687982698169619e-19,3.451279838960869539e-01
2.253803042433947246e-01,1.450355568578691042e-19,3.451279838960869539e-01
2.261809447558046637e-01,1.207983555697030511e-19,3.451279838960869539e-01
2.269815852682145751e-01,1.005727991855286538e-19,3.451279838960869539e-01
2.277822257806245143e-01,8.370145999282186008e-20,3.451279838960869539e-01
2.285828662930344257e-01,6.963354562589947615e-20,3.451279838960869539e-01
2.293835068054443649e-01,5.790778664610209259e-20,3.451279838960869539e-01
2.301841473178543040e-01,4.813803989664811746e-20,3.451279838960869539e-01
2.309847878302642155e-01,4.000118159569398298e-20,3.451279838960869539e-01
2.317854283426741546e-01,3.322693016258570081e-20,3.451279838960869539e-01
2.325860688550840660e-01,2.758929469798423006e-20,3.451279838960869539e-01
2.333867093674940052e-01,2.289939238493796201e-20,3.451279838960869539e-01
2.341873498799039444e-01,1.899941814384701033e-20,3.451279838960869539e-01
2.349879903923138558e-01,1.575758376461080056e-20,3.451279838960869539e-01
2.357886309047237949e-01,1.306387239363999793e-20,3.451279838960869539e-01
2.365892714171337063e-01,1.082647847037436283e-20,3.451279838960869539e-01
2.373899119295436455e-01,8.968823665900164812e-21,3.451279838960869539e-01
2.381905524419535847e-01,7.427056651264420101e-21,3.451279838960869539e-01
2.389911929543634961e-01,6.147959104122952446e-21,3.451279838960869539e-01
2.397918334667734352e-01,5.087192664271398173e-21,3.451279838960869539e-01
2.405924739791833467e-01,4.207831923197429297e-21,3.451279838960869539e-01
2.413931144915932858e-01,3.479137278271767761e-21,3.451279838960869539e-01
2.421937550040031972e-01,2.875528851226191833e-21,3.451279838960869539e-01
2.429943955164131364e-01,2.375728877141944106e-21,3.451279838960869539e-01
2.437950360288230756e-01,1.962045195429991739e-21,3.451279838960869539e-01
2.445956765412329870e-01,1.619772871506359458e-21,3.451279838960869539e-01
2.453963170536429261e-01,1.336694676689471456e-21,3.451279838960869539e-01
2.461969575660528375e-01,1.102664263871834355e-21,3.451279838960869539e-01
2.469975980784627767e-01,9.092584903568488853e-22,3.451279838960869539e-01
2.477982385908727159e-01,7.494875351336449712e-22,3.451279838960869539e-01
2.485988791032826273e-01,6.175533018343552575e-22,3.451279838960869539e-01
2.493995196156925664e-01,5.086481464166603496e-22,3.451279838960869539e-01
2.502001601281024779e-01,4.187872672591268205e-22,3.451279838960869539e-01
2.510008006405124448e-01,3.446691844908347993e-22,3.451279838960869539e-01
2.518014411529223562e-01,2.835596484126522298e-22,3.451279838960869539e-01
2.526020816653322676e-01,2.331950819529709733e-22,3.451279838960869539e-01
2.534027221777421790e-01,1.917023029381454098e-22,3.451279838960869539e-01
2.542033626901521459e-01,1.575318084966251655e-22,3.451279838960869539e-01
2.550040032025620573e-01,1.294023529409865803e-22,3.451279838960869539e-01
2.558046437149719687e-01,1.062549260981709984e-22,3.451279838960869539e-01
2.566052842273819357e-01,8.721455315041192417e-23,3.451279838960869539e-01
2.574059247397918471e-01,7.155859957657954353e-23,3.451279838960869539e-01
2.582065652522017585e-01,5.869048411870084310e-23,3.451279838960869539e-01
2.590072057646117254e-01,4.811788586978218002e-23,3.451279838960869539e-01
2.598078462770216368e-01,3.943468448480039152e-23,3.451279838960869539e-01
2.606084867894315482e-01,3.230600010367181914e-23,3.451279838960869539e-01
2.614091273018414596e-01,2.645580599059438091e-23,3.451279838960869539e-01
2.622097678142514265e-01,2.165667561402810816e-23,3.451279838960869539e-01
2.630104083266613380e-01,1.772129982706608243e-23,3.451279838960869539e-01
2.638110488390712494e-01,1.449547139680914833e-23,3.451279838960869539e-01
2.646116893514812163e-01,1.185228541368473376e-23,3.451279838960869539e-01
2.654123298638911277e-01,9.687346794218708437e-24,3.451279838960869539e-01
2.662129703763010391e-01,7.914811600729267781e-24,3.451279838960869539e-01
2.670136108887110060e-01,6.464118431645608559e-24,3.451279838960869539e-01
2.678142514011209174e-01,5.277290683282818208e-24,3.451279838960869539e-01
2.686148919135308288e-01,4.306710880224394435e-24,3.451279838960869539e-01
2.694155324259407402e-01,3.513285211723162773e-24,3.451279838960869539e-01
2.702161729383507072e-01,2.864930475431219392e-24,3.451279838960869539e-01
2.710168134507606186e-01,2.335327300791722525e-24,3.451279838960869539e-01
2.718174539631705300e-01,1.902893205632218847e-24,3.451279838960869539e-01
2.726180944755804969e-01,1.549937066764701860e-24,3.451279838960869539e-01
2.734187349879904083e-01,1.261963238488289977e-24,3.451279838960869539e-01
2.742193755004003197e-01,1.027099064737917988e-24,3.451279838960869539e-01
2.750200160128102311e-01,8.356240950701764174e-25,3.451279838960869539e-01
2.758206565252201981e-01,6.795830929881743506e-25,3.451279838960869539e-01
2.766212970376301095e-01,5.524680513643364101e-25,3.451279838960869539e-01
2.774219375500400209e-01,4.489570153710317738e-25,3.451279838960869539e-01
2.782225780624499878e-01,3.646996509616306732e-25,3.451279838960869539e-01
2.790232185748598992e-01,2.961412634478674429e-25,3.451279838960869539e-01
2.798238590872698106e-01,2.403784299165303591e-25,3.451279838960869539e-01
2.806244995996797775e-01,1.950406140755421962e-25,3.451279838960869539e-01
2.814251401120896889e-01,1.581931265351944723e-25,3.451279838960869539e-01
2.822257806244996003e-01,1.282576139247724476e-25,3.451279838960869539e-01
2.830264211369095118e-01,1.039469367882801437e-25,3.451279838960869539e-01
2.838270616493194787e-01,8.421185388589002404e-26,3.451279838960869539e-01
2.846277021617293901e-01,6.819739004056813611e-26,3.451279838960869539e-01
2.854283426741393015e-01,5.520714313500985189e-26,3.451279838960869539e-01
2.862289831865492684e-01,4.467409744733067723e-26,3.451279838960869539e-01
2.870296236989591798e-01,3.613676692728735832e-26,3.451279838960869539e-01
2.878302642113690912e-01,2.921970293883715578e-26,3.451279838960869539e-01
2.886309047237790582e-01,2.361757442721033579e-26,3.451279838960869539e-01
2.894315452361889696e-01,1.908217101418414325e-26,3.451279838960869539e-01
2.902321857485988810e-01,1.541179663572193997e-26,3.451279838960869539e-01
2.910328262610087924e-01,1.244261751006382900e-26,3.451279838960869539e-01
2.918334667734187593e-01,1.004160717175074675e-26,3.451279838960869539e-01
2.926341072858286707e-01,8.100796086587322217e-27,3.451279838960869539e-01
2.934347477982385821e-01,6.532586494638042114e-27,3.451279838960869539e-01
2.942353883106485490e-01,5.265936689101865417e-27,3.451279838960869539e-01
2.950360288230584604e-01,4.243254637695760417e-27,3.451279838960869539e-01
2.958366693354683719e-01,3.417870096768485531e-27,3.451279838960869539e-01
2.966373098478783388e-01,2.751978314081632629e-27,3.451279838960869539e-01
2.974379503602882502e-01,2.214968015662690893e-27,3.451279838960869539e-01
2.982385908726981616e-01,1.782062407564307639e-27,3.451279838960869539e-01
2.990392313851080730e-01,1.433215037403149605e-27,3.451279838960869539e-01
2.998398718975180399e-01,1.152213080982031544e-27,3.451279838960869539e-01
3.006405124099279513e-01,9.259493793726102296e-28,3.451279838960869539e-01
3.014411529223378627e-01,7.438317070600683378e-28,3.451279838960869539e-01
3.022417934347478297e-01,5.973035937110416417e-28,3.451279838960869539e-01
3.030424339471577411e-01,4.794557898815084996e-28,3.451279838960869539e-01
3.038430744595676525e-01,3.847113564418868821e-28,3.451279838960869539e-01
3.046437149719776194e-01,3.085705291434651876e-28,3.451279838960869539e-01
3.054443554843875308e-01,2.474040949895674720e-28,3.451279838960869539e-01
3.062449959967974422e-01,1.982861234549327769e-28,3.451279838960869539e-01
3.070456365092073536e-01,1.588586111056229936e-28,3.451279838960869539e-01
3.078462770216173205e-01,1.272219947624037270e-28,3.451279838960869539e-01
3.086469175340272320e-01,1.018466248402794663e-28,3.451279838960869539e-01
3.094475580464371434e-01,8.150121494585196638e-29,3.451279838960869539e-01
3.102481985588471103e-01,6.519503547545042694e-29,3.451279838960869539e-01
3.110488390712570217e-01,5.213122987425692271e-29,3.451279838960869539e-01
3.118494795836669331e-01,4.166912853560126337e-29,3.451279838960869539e-01
3.126501200960769000e-01,3.329383836627078030e-29,3.451279838960869539e-01
3.134507606084868114e-01,2.659171321013288933e-29,3.451279838960869539e-01
3.142514011208967228e-01,2.123057578996262216e-29,3.451279838960869539e-01
3.150520416333066342e-01,1.694377715113513254e-29,3.451279838960869539e-01
3.158526821457166012e-01,1.351735417312137174e-29,3.451279838960869539e-01
3.166533226581265126e-01,1.077968719656868593e-29,3.451279838960869539e-01
3.174539631705364240e-01,8.593174407344969536e-30,3.451279838960869539e-01
3.182546036829463909e-01,6.847532389069642194e-30,3.451279838960869539e-01
3.190552441953563023e-01,5.454407342945100549e-30,3.451279838960869539e-01
3.198558847077662137e-01,4.343042254607813657e-30,3.451279838960869539e-01
3.206565252201761806e-01,3.456794485836374207e-30,3.451279838960869539e-01
3.214571657325860921e-01,2.750338053063498438e-30,3.451279838960869539e-01
3.222578062449960035e-01,2.187416956142103109e-30,3.451279838960869539e-01
3.230584467574059149e-01,1.739041768011924577e-30,3.451279838960869539e-01
3.238590872698158818e-01,1.382042521084579674e-30,3.451279838960869539e-01
3.246597277822257932e-01,1.097907794541215761e-30,3.451279838960869539e-01
3.254603682946357046e-01,8.718536657139348451e-31,3.451279838960869539e-01
3.262610088070456715e-01,6.920774077800086858e-31,3.451279838960869539e-01
3.270616493194555829e-01,5.491598161453496164e-31,3.451279838960869539e-01
3.278622898318654943e-01,4.355870562585532376e-31,3.451279838960869539e-01
3.286629303442754613e-01,3.453682850594826687e-31,3.451279838960869539e-01
3.294635708566853727e-01,2.737295410788881929e-31,3.451279838960869539e-01
3.302642113690952841e-01,2.168681147465513376e-31,3.451279838960869539e-01
3.310648518815051955e-01,1.717551480678872591e-31,3.451279838960869539e-01
3.318654923939151624e-01,1.359774494568093605e-31,3.451279838960869539e-01
3.326661329063250738e-01,1.076119376832532359e-31,3.451279838960869539e-01
3.334667734187349852e-01,8.512727978439777191e-32,3.451279838960869539e-01
3.342674139311449522e-01,6.730723550026632188e-32,3.451279838960869539e-01
3.350680544435548636e-01,5.318976691563095314e-32,3.451279838960869539e-01
3.358686949559647750e-01,4.201627502156404905e-32,3.451279838960869539e-01
3.366693354683747419e-01,3.318713542982730442e-32,3.451279838960869539e-01
3.374699759807846533e-01,2.622271732282552504e-32,3.451279838960869539e-01
3.382706164931945647e-01,2.073191069424378500e-32,3.451279838960869539e-01
3.390712570056044761e-01,1.639118313995882419e-32,3.451279838960869539e-01
3.398718975180144430e-01,1.293548347779186700e-32,3.451279838960869539e-01
3.406725380304243544e-01,1.015860674362607736e-32,3.451279838960869539e-01
3.414731785428342659e-01,7.916986726112988944e-33,3.451279838960869539e-01
3.422738190552442328e-01,6.129574355250621562e-33,3.451279838960869539e-01
3.430744595676541442e-01,4.768631121244160499e-33,3.451279838960869539e-01
3.438751000800640556e-01,3.841131906394310965e-33,3.451279838960869539e-01
3.446757405924739670e-01,3.365674550256075060e-33,3.451279838960869539e-01
3.454763811048839339e-01,3.352699084723816898e-33,3.451279838960869539e-01
3.462770216172938453e-01,3.794981304806301501e-33,3.451279838960869539e-01
3.470776621297037567e-01,4.671297184668163413e-33,3.451279838960869539e-01
3.478783026421137237e-01,5.960983753678355326e-33,3.451279838960869539e-01
3.486789431545236351e-01,7.663378804766352506e-33,3.451279838960869539e-01
3.494795836669335465e-01,9.815407843248351354e-33,3.451279838960869539e-01
3.502802241793435134e-01,1.250286641853327532e-32,3.451279838960869539e-01
3.510808646917534248e-01,1.586477682705077603e-32,3.451279838960869539e-01
3.518815052041633362e-01,2.009365266370498064e-32,3.451279838960869539e-01
3.526821457165732476e-01,2.543619195848743743e-32,3.451279838960869539e-01
3.534827862289832145e-01,3.219855388059672803e-32,3.451279838960869539e-01
3.542834267413931260e-01,4.075867932535664075e-32,3.451279838960869539e-01
3.550840672538030374e-01,5.158625192692424107e-32,3.451279838960869539e-01
3.558847077662130043e-01,6.526980557176618398e-32,3.451279838960869539e-01
3.566853482786229157e-01,8.255051163382276992e-32,3.451279838960869539e-01
3.574859887910328271e-01,1.043630855542181390e-31,3.451279838960869539e-01
3.582866293034427940e-01,1.318855138779488254e-31,3.451279838960869539e-01
3.590872698158527054e-01,1.666004579282665328e-31,3.451279838960869539e-01
3.598879103282626168e-01,2.103720495305321173e-31,3.451279838960869539e-01
3.606885508406725283e-01,2.655424495462069445e-31,3.451279838960869539e-01
3.614891913530824952e-01,3.350532359071403616e-31,3.451279838960869539e-01
3.622898318654924066e-01,4.225976678739342818e-31,3.451279838960869539e-01
3.630904723779023180e-01,5.328112898381035569e-31,3.451279838960869539e-01
3.638911128903122849e-01,6.715102498651742986e-31,3.451279838960869539e-01
3.646917534027221963e-01,8.459891349662798130e-31,3.451279838960869539e-01
3.654923939151321077e-01,1.065393110756629415e-30,3.451279838960869539e-01
3.662930344275420746e-01,1.341182804238324000e-30,3.451279838960869539e-01
3.670936749399519861e-01,1.687714860604970253e-30,3.451279838960869539e-01
3.678943154523618975e-01,2.122966671827672292e-30,3.451279838960869539e-01
3.686949559647718089e-01,2.669440697633535891e-30,3.451279838960869539e-01
3.694955964771817758e-01,3.355292409395730289e-30,3.451279838960869539e-01
3.702962369895916872e-01,4.215736581010620478e-30,3.451279838960869539e-01
3.710968775020015986e-01,5.294799914591666183e-30,3.451279838960869539e-01
3.718975180144115655e-01,6.647504427037285807e-30,3.451279838960869539e-01
3.726981585268214769e-01,8.342586387469203703e-30,3.451279838960869539e-01
3.734987990392313884e-01,1.046588081560023992e-29,3.451279838960869539e-01
3.742994395516413553e-01,1.312453277563171173e-29,3.451279838960869539e-01
3.751000800640512667e-01,1.645223534430246456e-29,3.451279838960869539e-01
3.759007205764611781e-01,2.061574193819477921e-29,3.451279838960869539e-01
3.767013610888710895e-01,2.582295980143782525e-29,3.451279838960869539e-01
3.775020016012810564e-01,3.233300452518672419e-29,3.451279838960869539e-01
3.783026421136909678e-01,4.046868575124011440e-29,3.451279838960869539e-01
3.791032826261008792e-01,5.063200571179261523e-29,3.451279838960869539e-01
3.799039231385108462e-01,6.332338990621604536e-29,3.451279838960869539e-01
3.807045636509207576e-01,7.916553907651721706e-29,3.451279838960869539e-01
3.815052041633306690e-01,9.893300116741900905e-29,3.451279838960869539e-01
3.823058446757406359e-01,1.235888202998740397e-28,3.451279838960869539e-01
3.831064851881505473e-01,1.543299381912616014e-28,3.451279838960869539e-01
3.839071257005604587e-01,1.926434157233872291e-28,3.451279838960869539e-01
3.847077662129703701e-01,2.403760254258385038e-28,3.451279838960869539e-01
3.855084067253803370e-01,2.998203602790197836e-28,3.451279838960869539e-01
3.863090472377902485e-01,3.738213359143197340e-28,3.451279838960869539e-01
3.871096877502001599e-01,4.659078632073888828e-28,3.451279838960869539e-01
3.879103282626101268e-01,5.804555746540361346e-28,3.451279838960869539e-01
3.887109687750200382e-01,7.228878475975173545e-28,3.451279838960869539e-01
3.895116092874299496e-01,8.999240376351166756e-28,3.451279838960869539e-01
3.903122497998399165e-01,1.119885886464392697e-27,3.451279838960869539e-01
3.911128903122498279e-01,1.393075585754790877e-27,3.451279838960869539e-01
3.919135308246597393e-01,1.732242067128488442e-27,3.451279838960869539e-01
3.927141713370696507e-01,2.153155876035462591e-27,3.451279838960869539e-01
3.935148118494796177e-01,2.675317630578054487e-27,3.451279838960869539e-01
3.943154523618895291e-01,3.322830756082971192e-27,3.451279838960869539e-01
3.951160928742994405e-01,4.125476155385523493e-27,3.451279838960869539e-01
3.959167333867094074e-01,5.120035007544930873e-27,3.451279838960869539e-01
3.967173738991193188e-01,6.351916330527036866e-27,3.451279838960869539e-01
3.975180144115292302e-01,7.877158718528557993e-27,3.451279838960869539e-01
3.983186549239391971e-01,9.764891286510206183e-27,3.451279838960869539e-01
3.991192954363491086e-01,1.210035794956422326e-26,3.451279838960869539e-01
3.999199359487590200e-01,1.498863249548843873e-26,3.451279838960869539e-01
4.007205764611689314e-01,1.855918040304498947e-26,3.451279838960869539e-01
4.015212169735788983e-01,2.297145814417198440e-26,3.451279838960869539e-01
4.023218574859888097e-01,2.842178315741318593e-26,3.451279838960869539e-01
4.031224979983987211e-01,3.515175945874300550e-26,3.451279838960869539e-01
4.039231385108086880e-01,4.345860698912268382e-26,3.451279838960869539e-01
4.047237790232185994e-01,5.370781974333114588e-26,3.451279838960869539e-01
4.055244195356285108e-01,6.634867146456663961e-26,3.451279838960869539e-01
4.063250600480384778e-01,8.193320184227964681e-26,3.451279838960869539e-01
4.071257005604483892e-01,1.011394551039168628e-25,3.451279838960869539e-01
4.079263410728583006e-01,1.247999119623831156e-25,3.451279838960869539e-01
4.087269815852682120e-01,1.539362615121070353e-25,3.451279838960869539e-01
4.095276220976781789e-01,1.898019096593981416e-25,3.451279838960869539e-01
4.103282626100880903e-01,2.339339244706884320e-25,3.451279838960869539e-01
4.111289031224980017e-01,2.882164878516428560e-25,3.451279838960869539e-01
4.119295436349079687e-01,3.549583710507157130e-25,3.451279838960869539e-01
4.127301841473178801e-01,4.369874953186225752e-25,3.451279838960869539e-01
4.135308246597277915e-01,5.377662988394816271e-25,3.451279838960869539e-01
4.143314651721377029e-01,6.615324311645954732e-25,3.451279838960869539e-01
4.151321056845476698e-01,8.134702662687466419e-25,3.451279838960869539e-01
4.159327461969575812e-01,9.999199005433495728e-25,3.451279838960869539e-01
4.167333867093674926e-01,1.228631725403055155e-24,3.451279838960869539e-01
4.175340272217774595e-01,1.509076387400538662e-24,3.451279838960869539e-01
4.183346677341873709e-01,1.852822034110017393e-24,3.451279838960869539e-01
4.191353082465972824e-01,2.273993266612592438e-24,3.451279838960869539e-01
4.199359487590072493e-01,2.789829269569034674e-24,3.451279838960869539e-01
4.207365892714171607e-01,3.421362276407215096e-24,3.451279838960869539e-01
4.215372297838270721e-01,4.194241980977990892e-24,3.451279838960869539e-01
4.223378702962369835e-01,5.139736885595868961e-24,3.451279838960869539e-01
4.231385108086469504e-01,6.295950067945466702e-24,3.451279838960869539e-01
4.239391513210568618e-01,7.709294683356592154e-24,3.451279838960869539e-01
4.247397918334667732e-01,9.436283967612966586e-24,3.451279838960869539e-01
4.255404323458767402e-01,1.154570189676232014e-23,3.451279838960869539e-01
4.263410728582866516e-01,1.412123438800463466e-23,3.451279838960869539e-01
4.271417133706965630e-01,1.726465746181594636e-23,3.451279838960869539e-01
4.279423538831065299e-01,2.109969869625197064e-23,3.451279838960869539e-01
4.287429943955164413e-01,2.577671226849945322e-23,3.451279838960869539e-01
4.295436349079263527e-01,3.147833670918798348e-23,3.451279838960869539e-01
4.303442754203362641e-01,3.842633916536565475e-23,3.451279838960869539e-01
4.311449159327462310e-01,4.688989164378542977e-23,3.451279838960869539e-01
4.319455564451561425e-01,5.719557478151421824e-23,3.451279838960869539e-01
4.327461969575660539e-01,6.973946483356734511e-23,3.451279838960869539e-01
4.335468374699760208e-01,8.500173177063440235e-23,3.451279838960869539e-01
4.343474779823859322e-01,1.035642630261932843e-22,3.451279838960869539e-01
4.351481184947958436e-01,1.261319313663335141e-22,3.451279838960869539e-01
4.359487590072058105e-01,1.535582499742134661e-22,3.451279838960869539e-01
4.367493995196157219e-01,1.868763071977232837e-22,3.451279838960869539e-01
4.375500400320256333e-01,2.273360523385490662e-22,3.451279838960869539e-01
4.383506805444355447e-01,2.764492181286865562e-22,3.451279838960869539e-01
4.391513210568455117e-01,3.360434220165254149e-22,3.451279838960869539e-01
4.399519615692554231e-01,4.083272952545747143e-22,3.451279838960869539e-01
4.407526020816653345e-01,4.959688557897731439e-22,3.451279838960869539e-01
4.415532425940753014e-01,6.021897797061560033e-22,3.451279838960869539e-01
4.423538831064852128e-01,7.308787502576311544e-22,3.451279838960869539e-01
4.431545236188951242e-01,8.867276897696676644e-22,3.451279838960869539e-01
4.439551641313050911e-01,1.075395427388233393e-21,3.451279838960869539e-01
4.447558046437150026e-01,1.303704247992232959e-21,3.451279838960869539e-01
4.455564451561249140e-01,1.579875832088698510e-21,3.451279838960869539e-01
4.463570856685348254e-01,1.913814365856153012e-21,3.451279838960869539e-01
4.471577261809447923e-01,2.317446113464157638e-21,3.451279838960869539e-01
4.479583666933547037e-01,2.805126546368234705e-21,3.451279838960869539e-01
4.487590072057646151e-01,3.394128270977417870e-21,3.451279838960869539e-01
4.495596477181745820e-01,4.105225551529704505e-21,3.451279838960869539e-01
4.503602882305844934e-01,4.963394265714778342e-21,3.451279838960869539e-01
4.511609287429944048e-01,5.998649747168002279e-21,3.451279838960869539e-01
4.519615692554043718e-01,7.247049268647527994e-21,3.451279838960869539e-01
4.527622097678142832e-01,8.751891029356741627e-21,3.451279838960869539e-01
4.535628502802241946e-01,1.056514757946156405e-20,3.451279838960869539e-01
4.543634907926341060e-01,1.274917882164349177e-20,3.451279838960869539e-01
4.551641313050440729e-01,1.537877828294070561e-20,3.451279838960869539e-01
4.559647718174539843e-01,1.854361649744322536e-20,3.451279838960869539e-01
4.567654123298638957e-01,2.235115737348502790e-20,3.451279838960869539e-01
4.575660528422738627e-01,2.693013768217908431e-20,3.451279838960869539e-01
4.583666933546837741e-01,3.243471670353498086e-20,3.451279838960869539e-01
4.591673338670936855e-01,3.904942308064500853e-20,3.451279838960869539e-01
4.599679743795036524e-01,4.699504962546681211e-20,3.451279838960869539e-01
4.607686148919135638e-01,5.653567485580365272e-20,3.451279838960869539e-01
4.615692554043234752e-01,6.798702320395993942e-20,3.451279838960869539e-01
4.623698959167333866e-01,8.172641504320762639e-20,3.451279838960869539e-01
4.631705364291433535e-01,9.820460401069121894e-20,3.451279838960869539e-01
4.639711769415532649e-01,1.179598538365691390e-19,3.451279838960869539e-01
4.647718174539631764e-01,1.416346715138263893e-19,3.451279838960869539e-01
4.655724579663731433e-01,1.699956899166473820e-19,3.451279838960869539e-01
4.663730984787830547e-01,2.039572829587451739e-19,3.451279838960869539e-01
4.671737389911929661e-01,2.446096024950668906e-19,3.451279838960869539e-01
4.679743795036029330e-01,2.932518512477934015e-19,3.451279838960869539e-01
4.687750200160128444e-01,3.514317534066940070e-19,3.451279838960869539e-01
4.695756605284227558e-01,4.209923581126399852e-19,3.451279838960869539e-01
4.703763010408326672e-01,5.041275153471839835e-19,3.451279838960869539e-01
4.711769415532426342e-01,6.034476041672571582e-19,3.451279838960869539e-01
4.719775820656525456e-01,7.220573759981829155e-19,3.451279838960869539e-01
4.727782225780624570e-01,8.636481081504726112e-19,3.451279838960869539e-01
4.735788630904724239e-01,1.032606653413249515e-18,3.451279838960869539e-01
4.743795036028823353e-01,1.234144430503587640e-18,3.451279838960869539e-01
4.751801441152922467e-01,1.474449938999270992e-18,3.451279838960869539e-01
4.759807846277022136e-01,1.760869014798521868e-18,3.451279838960869539e-01
4.767814251401121250e-01,2.102117784059377703e-18,3.451279838960869539e-01
4.775820656525220365e-01,2.508534143551025494e-18,3.451279838960869539e-01
4.783827061649319479e-01,2.992374615065984615e-18,3.451279838960869539e-01
4.791833466773419148e-01,3.568164616246078852e-18,3.451279838960869539e-01
4.799839871897518262e-01,4.253111589286950283e-18,3.451279838960869539e-01
4.807846277021617376e-01,5.067592066769022888e-18,3.451279838960869539e-01
4.815852682145717045e-01,6.035725670183434484e-18,3.451279838960869539e-01
4.823859087269816159e-01,7.186051277992415055e-18,3.451279838960869539e-01
4.831865492393915273e-01,8.552323220223727288e-18,3.451279838960869539e-01
4.839871897518014388e-01,1.017444841837349198e-17,3.451279838960869539e-01
4.847878302642114057e-01,1.209958896564630233e-17,3.451279838960869539e-01
4.855884707766213171e-01,1.438345881792073777e-17,3.451279838960869539e-01
4.863891112890312285e-01,1.709184813851139160e-17,3.451279838960869539e-01
4.871897518014411954e-01,2.030241452379748735e-17,3.451279838960869539e-01
4.879903923138511068e-01,2.410678696425552337e-17,3.451279838960869539e-01
4.887910328262610182e-01,2.861303611961090029e-17,3.451279838960869539e-01
4.895916733386709851e-01,3.394857348522018056e-17,3.451279838960869539e-01
4.903923138510808966e-01,4.026355250500730205e-17,3.451279838960869539e-01
4.911929543634908080e-01,4.773485688233163800e-17,3.451279838960869539e-01
4.919935948759007194e-01,5.657077552942301403e-17,3.451279838960869539e-01
4.927942353883106863e-01,6.701648009692389566e-17,3.451279838960869539e-01
4.935948759007205977e-01,7.936044020587857459e-17,3.451279838960869539e-01
4.943955164131305091e-01,9.394193379047201664e-17,3.451279838960869539e-01
4.951961569255404760e-01,1.111598358424000280e-16,3.451279838960869539e-01
4.959967974379503874e-01,1.314828988938251344e-16,3.451279838960869539e-01
4.967974379503602989e-01,1.554617734401283287e-16,3.451279838960869539e-01
4.975980784627702658e-01,1.837430569404707670e-16,3.451279838960869539e-01
4.983987189751801772e-01,2.170857069137566152e-16,3.451279838960869539e-01
4.991993594875900886e-01,2.563802079721312293e-16,3.451279838960869539e-01
5.000000000000000000e-01,3.026709455584186831e-16,3.451279838960869539e-01
5.008006405124099114e-01,3.571823120063427728e-16,3.451279838960869539e-01
5.016012810248199338e-01,4.213491548525536509e-16,3.451279838960869539e-01
5.024019215372298452e-01,4.968522748556138637e-16,3.451279838960869539e-01
5.032025620496397567e-01,5.856597939408646718e-16,3.451279838960869539e-01
5.040032025620496681e-01,6.900753436137100928e-16,3.451279838960869539e-01
5.048038430744595795e-01,8.127941749354190910e-16,3.451279838960869539e-01
5.056044835868694909e-01,9.569684649961877587e-16,3.451279838960869539e-01
5.064051240992794023e-01,1.126283295463309872e-15,3.451279838960869539e-01
5.072057646116894247e-01,1.325045010256683719e-15,3.451279838960869539e-01
5.080064051240993361e-01,1.558283926328200801e-15,3.451279838960869539e-01
5.088070456365092475e-01,1.831873679183944351e-15,3.451279838960869539e-01
5.096076861489191590e-01,2.152669839252864276e-15,3.451279838960869539e-01
5.104083266613290704e-01,2.528670843403035479e-15,3.451279838960869539e-01
5.112089671737389818e-01,2.969204755773220299e-15,3.451279838960869539e-01
5.120096076861488932e-01,3.485145912699197030e-15,3.451279838960869539e-01
5.128102481985589156e-01,4.089166128236578014e-15,3.451279838960869539e-01
5.136108887109688270e-01,4.796025851468869963e-15,3.451279838960869539e-01
5.144115292233787384e-01,5.622911487966000471e-15,3.451279838960869539e-01
5.152121697357886498e-01,6.589826040869575533e-15,3.451279838960869539e-01
5.160128102481985612e-01,7.720041309736469649e-15,3.451279838960869539e-01
5.168134507606084727e-01,9.040621127565889568e-15,3.451279838960869539e-01
5.176140912730184951e-01,1.058302654125057503e-14,3.451279838960869539e-01
5.184147317854284065e-01,1.238381547411186269e-14,3.451279838960869539e-01
5.192153722978383179e-01,1.448545128089195408e-14,3.451279838960869539e-01
5.200160128102482293e-01,1.693723674935969627e-14,3.451279838960869539e-01
5.208166533226581407e-01,1.979639255699669702e-14,3.451279838960869539e-01
5.216172938350680521e-01,2.312930199974089173e-14,3.451279838960869539e-01
5.224179343474779635e-01,2.701294702214502898e-14,3.451279838960869539e-01
5.232185748598879860e-01,3.153656425092941921e-14,3.451279838960869539e-01
5.240192153722978974e-01,3.680355393085138359e-14,3.451279838960869539e-01
5.248198558847078088e-01,4.293367945564395744e-14,3.451279838960869539e-01
5.256204963971177202e-01,5.006560065997038453e-14,3.451279838960869539e-01
5.264211369095276316e-01,5.835979028424121599e-14,3.451279838960869539e-01
5.272217774219375430e-01,6.800189014858494392e-14,3.451279838960869539e-01
5.280224179343474544e-01,7.920657169511141599e-14,3.451279838960869539e-01
5.288230584467574769e-01,9.222197481442080167e-14,3.451279838960869539e-01
5.296236989591673883e-01,1.073348094167286669e-13,3.451279838960869539e-01
5.304243394715772997e-01,1.248762162132358869e-13,3.451279838960869539e-01
5.312249799839872111e-01,1.452284968358831456e-13,3.451279838960869539e-01
5.320256204963971225e-01,1.688328389647144901e-13,3.451279838960869539e-01
5.328262610088070339e-01,1.961981798019607854e-13,3.451279838960869539e-01
5.336269015212170563e-01,2.279113713128980779e-13,3.451279838960869539e-01
5.344275420336269677e-01,2.646488334639486773e-13,3.451279838960869539e-01
5.352281825460368792e-01,3.071899075870566032e-13,3.451279838960869539e-01
5.360288230584467906e-01,3.564321513911066594e-13,3.451279838960869539e-01
5.368294635708567020e-01,4.134088504806103586e-13,3.451279838960869539e-01
5.376301040832666134e-01,4.793090590429292585e-13,3.451279838960869539e-01
5.384307445956765248e-01,5.555005252034917884e-13,3.451279838960869539e-01
5.392313851080865472e-01,6.435559050737943002e-13,3.451279838960869539e-01
5.400320256204964586e-01,7.452827244568168751e-13,3.451279838960869539e-01
5.408326661329063700e-01,8.627576093499205185e-13,3.451279838960869539e-01
5.416333066453162814e-01,9.983653767132569208e-13,3.451279838960869539e-01
5.424339471577261929e-01,1.154843656486342874e-12,3.451279838960869539e-01
5.432345876701361043e-01,1.335333805692597500e-12,3.451279838960869539e-01
5.440352281825460157e-01,1.543438976968552077e-12,3.451279838960869539e-01
5.448358686949560381e-01,1.783290318446140321e-12,3.451279838960869539e-01
5.456365092073659495e-01,2.059622411229142246e-12,3.451279838960869539e-01
5.464371497197758609e-01,2.377859196560489380e-12,3.451279838960869539e-01
5.472377902321857723e-01,2.744211809215402217e-12,3.451279838960869539e-01
5.480384307445956837e-01,3.165789918952890014e-12,3.451279838960869539e-01
5.488390712570055952e-01,3.650728390563819649e-12,3.451279838960869539e-01
5.496397117694155066e-01,4.208331308009421492e-12,3.451279838960869539e-01
5.504403522818255290e-01,4.849235672525092139e-12,3.451279838960869539e-01
5.512409927942354404e-01,5.585597381918593622e-12,3.451279838960869539e-01
5.520416333066453518e-01,6.431302432558344729e-12,3.451279838960869539e-01
5.528422738190552632e-01,7.402206661140684075e-12,3.451279838960869539e-01
5.536429143314651746e-01,8.516407765139981235e-12,3.451279838960869539e-01
5.544435548438750860e-01,9.794553814350890011e-12,3.451279838960869539e-01
5.552441953562851085e-01,1.126019299719681579e-11,3.451279838960869539e-01
5.560448358686950199e-01,1.294016994125819752e-11,3.451279838960869539e-01
5.568454763811049313e-01,1.486507461528198372e-11,3.451279838960869539e-01
5.576461168935148427e-01,1.706975056812083440e-11,3.451279838960869539e-01
5.584467574059247541e-01,1.959387009785740032e-11,3.451279838960869539e-01
5.592473979183346655e-01,2.248258488210111907e-11,3.451279838960869539e-01
5.600480384307445769e-01,2.578726164947601326e-11,3.451279838960869539e-01
5.608486789431545994e-01,2.956631364531151196e-11,3.451279838960869539e-01
5.616493194555645108e-01,3.388613995548201835e-11,3.451279838960869539e-01
5.624499599679744222e-01,3.882218621672521396e-11,3.451279838960869539e-01
5.632506004803843336e-01,4.446014187673711108e-11,3.451279838960869539e-01
5.640512409927942450e-01,5.089729099190423479e-11,3.451279838960869539e-01
5.648518815052041564e-01,5.824403558561569161e-11,3.451279838960869539e-01
5.656525220176140678e-01,6.662561285886888766e-11,3.451279838960869539e-01
5.664531625300240902e-01,7.618403007295472132e-11,3.451279838960869539e-01
5.672538030424340016e-01,8.708024373953863213e-11,3.451279838960869539e-01
5.680544435548439131e-01,9.949661288762448475e-11,3.451279838960869539e-01
5.688550840672538245e-01,1.136396596639194822e-10,3.451279838960869539e-01
5.696557245796637359e-01,1.297431744009364005e-10,3.451279838960869539e-01
5.704563650920736473e-01,1.480717065971623652e-10,3.451279838960869539e-01
5.712570056044836697e-01,1.689244880417409580e-10,3.451279838960869539e-01
5.720576461168935811e-01,1.926398396326033927e-10,3.451279838960869539e-01
5.728582866293034925e-01,2.196001193370571461e-10,3.451279838960869539e-01
5.736589271417134039e-01,2.502372752884464266e-10,3.451279838960869539e-01
5.744595676541233154e-01,2.850390752680710332e-10,3.451279838960869539e-01
5.752602081665332268e-01,3.245560918613007922e-10,3.451279838960869539e-01
5.760608486789431382e-01,3.694095314810990376e-10,3.451279838960869539e-01
5.768614891913531606e-01,4.203000053083569655e-10,3.451279838960869539e-01
5.776621297037630720e-01,4.780173511033547667e-10,3.451279838960869539e-01
5.784627702161729834e-01,5.434516269007471252e-10,3.451279838960869539e-01
5.792634107285828948e-01,6.176054109278315620e-10,3.451279838960869539e-01
5.800640512409928062e-01,7.016075568070580279e-10,3.451279838960869539e-01
5.808646917534027176e-01,7.967285693573478076e-10,3.451279838960869539e-01
5.816653322658126291e-01,9.043977842441311002e-10,3.451279838960869539e-01
5.824659727782226515e-01,1.026222554508494973e-09,3.451279838960869539e-01
5.832666132906325629e-01,1.164009668810539688e-09,3.451279838960869539e-01
5.840672538030424743e-01,1.319789250244509851e-09,3.451279838960869539e-01
5.848678943154523857e-01,1.495841411035436309e-09,3.451279838960869539e-01
5.856685348278622971e-01,1.694725967539175145e-09,3.451279838960869539e-01
5.864691753402722085e-01,1.919315551989400572e-09,3.451279838960869539e-01
5.872698158526822310e-01,2.172832492639129215e-09,3.451279838960869539e-01
5.880704563650921424e-01,2.458889872625628444e-09,3.451279838960869539e-01
5.888710968775020538e-01,2.781537220365951646e-09,3.451279838960869539e-01
5.896717373899119652e-01,3.145311330914556216e-09,3.451279838960869539e-01
5.904723779023218766e-01,3.555292768858851578e-09,3.451279838960869539e-01
5.912730184147317880e-01,4.017168659403684174e-09,3.451279838960869539e-01
5.920736589271416994e-01,4.537302435741896045e-09,3.451279838960869539e-01
5.928742994395517218e-01,5.122811278098510635e-09,3.451279838960869539e-01
5.936749399519616333e-01,5.781652053493588236e-09,3.451279838960869539e-01
5.944755804643715447e-01,6.522716645844198031e-09,3.451279838960869539e-01
5.952762209767814561e-01,7.355937654121083926e-09,3.451279838960869539e-01
5.960768614891913675e-01,8.292405532542447612e-09,3.451279838960869539e-01
5.968775020016012789e-01,9.344498351917733912e-09,3.451279838960869539e-01
5.976781425140111903e-01,1.052602547600314726e-08,3.451279838960869539e-01
5.984787830264212127e-01,1.185238657190589576e-08,3.451279838960869539e-01
5.992794235388311241e-01,1.334074751004525230e-08,3.451279838960869539e-01
6.000800640512410355e-01,1.501023485788036407e-08,3.451279838960869539e-01
6.008807045636509470e-01,1.688215083354137345e-08,3.451279838960869539e-01
6.016813450760608584e-01,1.898021076174273082e-08,3.451279838960869539e-01
6.024819855884707698e-01,2.133080526605040004e-08,3.451279838960869539e-01
6.032826261008807922e-01,2.396328963995920999e-08,3.451279838960869539e-01
6.040832666132907036e-01,2.691030306563262393e-08,3.451279838960869539e-01
6.048839071257006150e-01,3.020812059497545049e-08,3.451279838960869539e-01
6.056845476381105264e-01,3.389704107445729192e-08,3.451279838960869539e-01
6.064851881505204378e-01,3.802181448437700340e-08,3.451279838960869539e-01
6.072858286629303493e-01,4.263211247679690750e-08,3.451279838960869539e-01
6.080864691753402607e-01,4.778304623597389620e-08,3.451279838960869539e-01
6.088871096877502831e-01,5.353573615273224194e-08,3.451279838960869539e-01
6.096877502001601945e-01,5.995793820195915092e-08,3.451279838960869539e-01
6.104883907125701059e-01,6.712473234235983272e-08,3.451279838960869539e-01
6.112890312249800173e-01,7.511927872223881730e-08,3.451279838960869539e-01
6.120896717373899287e-01,8.403364797675392546e-08,3.451279838960869539e-01
6.128903122497998401e-01,9.396973244347511855e-08,3.451279838960869539e-01
6.136909527622097515e-01,1.050402457069439895e-07,3.451279838960869539e-01
6.144915932746197740e-01,1.173698185121406703e-07,3.451279838960869539e-01
6.152922337870296854e-01,1.310961997645943592e-07,3.451279838960869539e-01
6.160928742994395968e-01,1.463715720642985006e-07,3.451279838960869539e-01
6.168935148118495082e-01,1.633639920052792953e-07,3.451279838960869539e-01
6.176941553242594196e-01,1.822589663161756676e-07,3.451279838960869539e-01
6.184947958366693310e-01,2.032611758232327332e-07,3.451279838960869539e-01
6.192954363490792424e-01,2.265963601898880399e-07,3.451279838960869539e-01
6.200960768614892649e-01,2.525133774304552058e-07,3.451279838960869539e-01
6.208967173738991763e-01,2.812864533141771169e-07,3.451279838960869539e-01
6.216973578863090877e-01,3.132176369742600446e-07,3.451279838960869539e-01
6.224979983987189991e-01,3.486394803194107214e-07,3.451279838960869539e-01
6.232986389111289105e-01,3.879179602178826625e-07,3.451279838960869539e-01
6.240992794235388219e-01,4.314556638912973711e-07,3.451279838960869539e-01
6.248999199359488443e-01,4.796952595229078440e-07,3.451279838960869539e-01
6.257005604483587557e-01,5.331232757578963553e-07,3.451279838960869539e-01
6.265012009607686672e-01,5.922742155585020653e-07,3.451279838960869539e-01
6.273018414731785786e-01,6.577350317788873332e-07,3.451279838960869539e-01
6.281024819855884900e-01,7.301499938508360039e-07,3.451279838960869539e-01
6.289031224979984014e-01,8.102259771282950922e-07,3.451279838960869539e-01
6.297037630104083128e-01,8.987382087319746097e-07,3.451279838960869539e-01
6.305044035228183352e-01,9.965365061724685935e-07,3.451279838960869539e-01
6.313050440352282466e-01,1.104552047618469353e-06,3.451279838960869539e-01
6.321056845476381580e-01,1.223804715421752624e-06,3.451279838960869539e-01
6.329063250600480695e-01,1.355411057421641945e-06,3.451279838960869539e-01
6.337069655724579809e-01,1.500592913634651186e-06,3.451279838960869539e-01
6.345076060848678923e-01,1.660686759197715462e-06,3.451279838960869539e-01
6.353082465972778037e-01,1.837153817884427585e-06,3.451279838960869539e-01
6.361088871096878261e-01,2.031591004157851933e-06,3.451279838960869539e-01
6.369095276220977375e-01,2.245742755573909429e-06,3.451279838960869539e-01
6.377101681345076489e-01,2.481513821405172209e-06,3.451279838960869539e-01
6.385108086469175603e-01,2.740983077633851710e-06,3.451279838960869539e-01
6.393114491593274717e-01,3.026418442963666979e-06,3.451279838960869539e-01
6.401120896717373832e-01,3.340292975235689512e-06,3.451279838960869539e-01
6.409127301841474056e-01,3.685302232609247236e-06,3.451279838960869539e-01
6.417133706965573170e-01,4.064382989090605016e-06,3.451279838960869539e-01
6.425140112089672284e-01,4.480733399469901550e-06,3.451279838960869539e-01
6.433146517213771398e-01,4.937834714463547151e-06,3.451279838960869539e-01
6.441152922337870512e-01,5.439474652865051168e-06,3.451279838960869539e-01
6.449159327461969626e-01,5.989772543781607117e-06,3.451279838960869539e-01
6.457165732586068740e-01,6.593206358590479604e-06,3.451279838960869539e-01
6.465172137710168965e-01,7.254641759083005349e-06,3.451279838960869539e-01
6.473178542834268079e-01,7.979363295387709577e-06,3.451279838960869539e-01
6.481184947958367193e-01,8.773107894674706593e-06,3.451279838960869539e-01
6.489191353082466307e-01,9.642100789347373061e-06,3.451279838960869539e-01
6.497197758206565421e-01,1.059309404142016237e-05,3.451279838960869539e-01
6.505204163330664535e-01,1.163340782807272317e-05,3.451279838960869539e-01
6.513210568454763649e-01,1.277097466194803113e-05,3.451279838960869539e-01
6.521216973578863874e-01,1.401438672863297179e-05,3.451279838960869539e-01
6.529223378702962988e-01,1.537294653291769629e-05,3.451279838960869539e-01
6.537229783827062102e-01,1.685672105486600165e-05,3.451279838960869539e-01
6.545236188951161216e-01,1.847659962644369319e-05,3.451279838960869539e-01
6.553242594075260330e-01,2.024435574942795745e-05,3.451279838960869539e-01
6.561248999199359444e-01,2.217271308555319155e-05,3.451279838960869539e-01
6.569255404323459668e-01,2.427541586033735041e-05,3.451279838960869539e-01
6.577261809447558782e-01,2.656730393272615289e-05,3.451279838960869539e-01
6.585268214571657897e-01,2.906439279362190635e-05,3.451279838960869539e-01
6.593274619695757011e-01,3.178395876747148579e-05,3.451279838960869539e-01
6.601281024819856125e-01,3.474462970237180060e-05,3.451279838960869539e-01
6.609287429943955239e-01,3.796648144558445118e-05,3.451279838960869539e-01
6.617293835068054353e-01,4.147114041289047190e-05,3.451279838960869539e-01
6.625300240192154577e-01,4.528189257186005304e-05,3.451279838960869539e-01
6.633306645316253691e-01,4.942379917080984855e-05,3.451279838960869539e-01
6.641313050440352805e-01,5.392381955690673319e-05,3.451279838960869539e-01
6.649319455564451919e-01,5.881094143858752262e-05,3.451279838960869539e-01
6.657325860688551034e-01,6.411631895904241303e-05,3.451279838960869539e-01
6.665332265812650148e-01,6.987341895905359334e-05,3.451279838960869539e-01
6.673338670936749262e-01,7.611817581878752644e-05,3.451279838960869539e-01
6.681345076060849486e-01,8.288915527922883196e-05,3.451279838960869539e-01
6.689351481184948600e-01,9.022772765479758386e-05,3.451279838960869539e-01
6.697357886309047714e-01,9.817825085914258911e-05,3.451279838960869539e-01
6.705364291433146828e-01,1.067882636761304307e-04,3.451279838960869539e-01
6.713370696557245942e-01,1.161086897176647430e-04,3.451279838960869539e-01
6.721377101681345057e-01,1.261940525188907578e-04,3.451279838960869539e-01
6.729383506805445281e-01,1.371027022297293925e-04,3.451279838960869539e-01
6.737389911929544395e-01,1.488970543692402510e-04,3.451279838960869539e-01
6.745396317053643509e-01,1.616438411160266522e-04,3.451279838960869539e-01
6.753402722177742623e-01,1.754143756138654619e-04,3.451279838960869539e-01
6.761409127301841737e-01,1.902848297763628919e-04,3.451279838960869539e-01
6.769415532425940851e-01,2.063365260781564855e-04,3.451279838960869539e-01
6.777421937550039965e-01,2.236562438226489483e-04,3.451279838960869539e-01
6.785428342674140190e-01,2.423365403772026255e-04,3.451279838960869539e-01
6.793434747798239304e-01,2.624760878663236316e-04,3.451279838960869539e-01
6.801441152922338418e-01,2.841800258113052753e-04,3.451279838960869539e-01
6.809447558046437532e-01,3.075603302009985592e-04,3.451279838960869539e-01
6.817453963170536646e-01,3.327361994726878592e-04,3.451279838960869539e-01
6.825460368294635760e-01,3.598344578744695787e-04,3.451279838960869539e-01
6.833466773418734874e-01,3.889899766706013395e-04,3.451279838960869539e-01
6.841473178542835099e-01,4.203461136392680161e-04,3.451279838960869539e-01
6.849479583666934213e-01,4.540551712976998496e-04,3.451279838960869539e-01
6.857485988791033327e-01,4.902788742724776801e-04,3.451279838960869539e-01
6.865492393915132441e-01,5.291888662130585187e-04,3.451279838960869539e-01
6.873498799039231555e-01,5.709672266236688566e-04,3.451279838960869539e-01
6.881505204163330669e-01,6.158070079634256084e-04,3.451279838960869539e-01
6.889511609287429783e-01,6.639127933352764960e-04,3.451279838960869539e-01
6.897518014411530007e-01,7.155012750523846287e-04,3.451279838960869539e-01
6.905524419535629121e-01,7.708018543348841905e-04,3.451279838960869539e-01
6.913530824659728236e-01,8.300572623505278426e-04,3.451279838960869539e-01
6.921537229783827350e-01,8.935242027699642634e-04,3.451279838960869539e-01
6.929543634907926464e-01,9.614740159604981450e-04,3.451279838960869539e-01
6.937550040032025578e-01,1.034193364891078598e-03,3.451279838960869539e-01
6.945556445156125802e-01,1.111984942766035050e-03,3.451279838960869539e-01
6.953562850280224916e-01,1.195168202346617685e-03,3.451279838960869539e-01
6.961569255404324030e-01,1.284080106854600632e-03,3.451279838960869539e-01
6.969575660528423144e-01,1.379075902284608796e-03,3.451279838960869539e-01
6.977582065652522259e-01,1.480529910879122306e-03,3.451279838960869539e-01
6.985588470776621373e-01,1.588836345442171116e-03,3.451279838960869539e-01
6.993594875900720487e-01,1.704410144086532155e-03,3.451279838960869539e-01
7.001601281024820711e-01,1.827687824921201808e-03,3.451279838960869539e-01
7.009607686148919825e-01,1.959128360094956108e-03,3.451279838960869539e-01
7.017614091273018939e-01,2.099214068514523336e-03,3.451279838960869539e-01
7.025620496397118053e-01,2.248451526455334457e-03,3.451279838960869539e-01
7.033626901521217167e-01,2.407372495175658794e-03,3.451279838960869539e-01
7.041633306645316281e-01,2.576534864534175268e-03,3.451279838960869539e-01
7.049639711769415396e-01,2.756523611494977356e-03,3.451279838960869539e-01
7.057646116893515620e-01,2.947951772283897293e-03,3.451279838960869539e-01
7.065652522017614734e-01,3.151461426834077130e-03,3.451279838960869539e-01
7.073658927141713848e-01,3.367724694030229012e-03,3.451279838960869539e-01
7.081665332265812962e-01,3.597444736126334790e-03,3.451279838960869539e-01
7.089671737389912076e-01,3.841356770573210039e-03,3.451279838960869539e-01
7.097678142514011190e-01,4.100229087351963710e-03,3.451279838960869539e-01
7.105684547638111415e-01,4.374864069762733794e-03,3.451279838960869539e-01
7.113690952762210529e-01,4.666099216469735307e-03,3.451279838960869539e-01
7.121697357886309643e-01,4.974808162450687285e-03,3.451279838960869539e-01
7.129703763010408757e-01,5.301901696346774003e-03,3.451279838960869539e-01
7.137710168134507871e-01,5.648328771549300346e-03,3.451279838960869539e-01
7.145716573258606985e-01,6.015077508201815450e-03,3.451279838960869539e-01
7.153722978382706099e-01,6.403176183136159022e-03,3.451279838960869539e-01
7.161729383506806323e-01,6.813694204598285710e-03,3.451279838960869539e-01
7.169735788630905438e-01,7.247743068458904411e-03,3.451279838960869539e-01
7.177742193755004552e-01,7.706477292440130043e-03,3.451279838960869539e-01
7.185748598879103666e-01,8.191095324728251900e-03,3.451279838960869539e-01
7.193755004003202780e-01,8.702840423181786370e-03,3.451279838960869539e-01
7.201761409127301894e-01,9.243001501181593443e-03,3.451279838960869539e-01
7.209767814251401008e-01,9.812913936017918920e-03,3.451279838960869539e-01
7.217774219375501232e-01,1.041396033554730337e-02,3.451279838960869539e-01
7.225780624499600346e-01,1.104757125870907755e-02,3.451279838960869539e-01
7.233787029623699461e-01,1.171522588533695577e-02,3.451279838960869539e-01
7.241793434747798575e-01,1.241845263056697360e-02,3.451279838960869539e-01
7.249799839871897689e-01,1.315882969900470170e-02,3.451279838960869539e-01
7.257806244995996803e-01,1.393798557369065744e-02,3.451279838960869539e-01
7.265812650120097027e-01,1.475759943478215271e-02,3.451279838960869539e-01
7.273819055244196141e-01,1.561940150275976762e-02,3.451279838960869539e-01
7.281825460368295255e-01,1.652517330087585612e-02,3.451279838960869539e-01
7.289831865492394369e-01,1.747674783146701410e-02,3.451279838960869539e-01
7.297838270616493483e-01,1.847600966068161862e-02,3.451279838960869539e-01
7.305844675740592598e-01,1.952489490611450731e-02,3.451279838960869539e-01
7.313851080864691712e-01,2.062539112178684783e-02,3.451279838960869539e-01
7.321857485988791936e-01,2.177953707488395826e-02,3.451279838960869539e-01
7.329863891112891050e-01,2.298942240864094988e-02,3.451279838960869539e-01
7.337870296236990164e-01,2.425718718576405988e-02,3.451279838960869539e-01
7.345876701361089278e-01,2.558502130679147710e-02,3.451279838960869539e-01
7.353883106485188392e-01,2.697516379783505835e-02,3.451279838960869539e-01
7.361889511609287506e-01,2.842990196219370366e-02,3.451279838960869539e-01
7.369895916733386620e-01,2.995157039039621910e-02,3.451279838960869539e-01
7.377902321857486845e-01,3.154254982333799806e-02,3.451279838960869539e-01
7.385908726981585959e-01,3.320526586327954277e-02,3.451279838960869539e-01
7.393915132105685073e-01,3.494218752763067481e-02,3.451279838960869539e-01
7.401921537229784187e-01,3.675582564056425333e-02,3.451279838960869539e-01
7.409927942353883301e-01,3.864873105775262080e-02,3.451279838960869539e-01
7.417934347477982415e-01,4.062349271967678754e-02,3.451279838960869539e-01
7.425940752602082640e-01,4.268273552922946523e-02,3.451279838960869539e-01
7.433947157726181754e-01,4.482911804957524782e-02,3.451279838960869539e-01
7.441953562850280868e-01,4.706533001852713366e-02,3.451279838960869539e-01
7.449959967974379982e-01,4.939408967602726408e-02,3.451279838960869539e-01
7.457966373098479096e-01,5.181814090164285624e-02,3.451279838960869539e-01
7.465972778222578210e-01,5.434025015936948255e-02,3.451279838960869539e-01
7.473979183346677324e-01,5.696320324743039953e-02,3.451279838960869539e-01
7.481985588470777548e-01,5.968980185117933601e-02,3.451279838960869539e-01
7.489991993594876662e-01,6.252285989767547569e-02,3.451279838960869539e-01
7.497998398718975777e-01,6.546519971095744739e-02,3.451279838960869539e-01
7.506004803843074891e-01,6.851964796757079035e-02,3.451279838960869539e-01
7.514011208967174005e-01,7.168903145241144192e-02,3.451279838960869539e-01
7.522017614091273119e-01,7.497617261550421075e-02,3.451279838960869539e-01
7.530024019215372233e-01,7.838388493093047249e-02,3.451279838960869539e-01
7.538030424339472457e-01,8.191496805969787631e-02,3.451279838960869539e-01
7.546036829463571571e-01,8.557220281897194580e-02,3.451279838960869539e-01
7.554043234587670685e-01,8.935834596074525293e-02,3.451279838960869539e-01
7.562049639711769800e-01,9.327612476367508343e-02,3.451279838960869539e-01
7.570056044835868914e-01,9.732823144249411196e-02,3.451279838960869539e-01
7.578062449959968028e-01,1.015173173801041800e-01,3.451279838960869539e-01
7.586068855084067142e-01,1.058459871881922976e-01,3.451279838960869539e-01
7.594075260208167366e-01,1.103167926028847806e-01,3.451279838960869539e-01
7.602081665332266480e-01,1.149322262227558955e-01,3.451279838960869539e-01
7.610088070456365594e-01,1.196947150972074297e-01,3.451279838960869539e-01
7.618094475580464708e-01,1.246066141739771149e-01,3.451279838960869539e-01
7.626100880704563822e-01,1.296701996153680203e-01,3.451279838960869539e-01
7.634107285828662937e-01,1.348876619934440135e-01,3.451279838960869539e-01
7.642113690952763161e-01,1.402610993752558544e-01,3.451279838960869539e-01
7.650120096076862275e-01,1.457925103099139141e-01,3.451279838960869539e-01
7.658126501200961389e-01,1.514837867300537488e-01,3.451279838960869539e-01
7.666132906325060503e-01,1.573367067809725850e-01,3.451279838960869539e-01
7.674139311449159617e-01,1.633529275914733514e-01,3.451279838960869539e-01
7.682145716573258731e-01,1.695339780011014541e-01,3.451279838960869539e-01
7.690152121697357845e-01,1.758812512592474175e-01,3.451279838960869539e-01
7.698158526821458070e-01,1.823959977121393794e-01,3.451279838960869539e-01
7.706164931945557184e-01,1.890793174944772892e-01,3.451279838960869539e-01
7.714171337069656298e-01,1.959321532430790269e-01,3.451279838960869539e-01
7.722177742193755412e-01,2.029552828504291306e-01,3.451279838960869539e-01
7.730184147317854526e-01,2.101493122766615596e-01,3.451279838960869539e-01
7.738190552441953640e-01,2.175146684388879204e-01,3.451279838960869539e-01
7.746196957566052754e-01,2.250515921974676481e-01,3.451279838960869539e-01
7.754203362690152979e-01,2.327601314589896331e-01,3.451279838960869539e-01
7.762209767814252093e-01,2.406401344162900913e-01,3.451279838960869539e-01
7.770216172938351207e-01,2.486912429461776708e-01,3.451279838960869539e-01
7.778222578062450321e-01,2.569128861856617152e-01,3.451279838960869539e-01
7.786228983186549435e-01,2.653042743078471988e-01,3.451279838960869539e-01
7.794235388310648549e-01,2.738643925187295158e-01,3.451279838960869539e-01
7.802241793434748773e-01,2.825919952963218962e-01,3.451279838960869539e-01
7.810248198558847887e-01,2.914856008935196030e-01,3.451279838960869539e-01
7.818254603682947002e-01,3.005434861260370405e-01,3.451279838960869539e-01
7.826261008807046116e-01,3.097636814667663607e-01,3.451279838960869539e-01
7.834267413931145230e-01,3.191439664677025445e-01,3.451279838960869539e-01
7.842273819055244344e-01,3.286818655302932157e-01,3.451279838960869539e-01
7.850280224179343458e-01,3.383746440448385795e-01,3.451279838960869539e-01
7.858286629303443682e-01,3.482193049191104062e-01,3.451279838960869539e-01
7.866293034427542796e-01,3.582125855160215311e-01,3.451279838960869539e-01
7.874299439551641910e-01,3.683509550195342985e-01,3.451279838960869539e-01
7.882305844675741024e-01,3.786306122473661051e-01,3.451279838960869539e-01
7.890312249799840139e-01,3.890474839285456565e-01,3.451279838960869539e-01
7.898318654923939253e-01,3.995972234629506237e-01,3.451279838960869539e-01
7.906325060048038367e-01,4.102752101791180550e-01,3.451279838960869539e-01
7.914331465172138591e-01,4.210765491058573451e-01,3.451279838960869539e-01
7.922337870296237705e-01,4.319960712720699036e-01,3.451279838960869539e-01
7.930344275420336819e-01,4.430283345482581292e-01,3.451279838960869539e-01
7.938350680544435933e-01,4.541676250419269811e-01,3.451279838960869539e-01
7.946357085668535047e-01,4.654079590580265657e-01,3.451279838960869539e-01
7.954363490792634162e-01,4.767430856342877443e-01,3.451279838960869539e-01
7.962369895916734386e-01,4.881664896599591796e-01,3.451279838960869539e-01
7.970376301040833500e-01,4.996713955851620481e-01,3.451279838960869539e-01
7.978382706164932614e-01,5.112507717264026530e-01,3.451279838960869539e-01
7.986389111289031728e-01,5.228973351727312924e-01,3.451279838960869539e-01
7.994395516413130842e-01,5.346035572950723624e-01,3.451279838960869539e-01
8.002401921537229956e-01,5.463616698598867671e-01,3.451279838960869539e-01
8.010408326661329070e-01,5.581636717467235442e-01,3.451279838960869539e-01
8.018414731785429295e-01,5.700013362674096751e-01,3.451279838960869539e-01
8.026421136909528409e-01,5.818662190831395131e-01,3.451279838960869539e-01
8.034427542033627523e-01,5.937496667138038031e-01,3.451279838960869539e-01
8.042433947157726637e-01,6.056428256324333237e-01,3.451279838960869539e-01
8.050440352281825751e-01,6.175366519355680595e-01,3.451279838960869539e-01
8.058446757405924865e-01,6.294219215789083055e-01,3.451279838960869539e-01
8.066453162530023979e-01,6.412892411657364899e-01,3.451279838960869539e-01
8.074459567654124204e-01,6.531290592736832545e-01,3.451279838960869539e-01
8.082465972778223318e-01,6.649316783038877743e-01,3.451279838960869539e-01
8.090472377902322432e-01,6.766872668348887787e-01,3.451279838960869539e-01
8.098478783026421546e-01,6.883858724617196723e-01,3.451279838960869539e-01
8.106485188150520660e-01,7.000174350991709149e-01,3.451279838960869539e-01
8.114491593274619774e-01,7.115718007263646117e-01,3.451279838960869539e-01
8.122497998398719998e-01,7.230387355483601786e-01,3.451279838960869539e-01
8.130504403522819112e-01,7.344079405488680434e-01,3.451279838960869539e-01
8.138510808646918226e-01,7.456690664066520924e-01,3.451279838960869539e-01
8.146517213771017341e-01,7.568117287467311938e-01,3.451279838960869539e-01
8.154523618895116455e-01,7.678255236965024766e-01,3.451279838960869539e-01
8.162530024019215569e-01,7.787000437150279897e-01,3.451279838960869539e-01
8.170536429143314683e-01,7.894248936628981417e-01,3.451279838960869539e-01
8.178542834267414907e-01,7.999897070787662656e-01,3.451279838960869539e-01
8.186549239391514021e-01,8.103841626274176368e-01,3.451279838960869539e-01
8.194555644515613135e-01,8.205980006836246510e-01,3.451279838960869539e-01
8.202562049639712249e-01,8.306210400154804274e-01,3.451279838960869539e-01
8.210568454763811364e-01,8.404431945298940221e-01,3.451279838960869539e-01
8.218574859887910478e-01,8.500544900422906114e-01,3.451279838960869539e-01
8.226581265012009592e-01,8.594450810313241096e-01,3.451279838960869539e-01
8.234587670136109816e-01,8.686052673387267831e-01,3.451279838960869539e-01
8.242594075260208930e-01,8.775255107747114147e-01,3.451279838960869539e-01
8.250600480384308044e-01,8.861964515903102413e-01,3.451279838960869539e-01
8.258606885508407158e-01,8.946089247787799570e-01,3.451279838960869539e-01
8.266613290632506272e-01,9.027539761676047769e-01,3.451279838960869539e-01
8.274619695756605386e-01,9.106228782608517536e-01,3.451279838960869539e-01
8.282626100880704501e-01,9.182071457891802790e-01,3.451279838960869539e-01
8.290632506004804725e-01,9.254985509247981579e-01,3.451279838960869539e-01
8.298638911128903839e-01,9.324891381228841425e-01,3.451279838960869539e-01
8.306645316253002953e-01,9.391712385577892785e-01,3.451279838960869539e-01
8.314651721377102067e-01,9.455374841272072839e-01,3.451279838960869539e-01
8.322658126501201181e-01,9.515808209956202468e-01,3.451279838960869539e-01
8.330664531625300295e-01,9.572945226377809202e-01,3.451279838960869539e-01
8.338670936749400520e-01,9.626722023293956543e-01,3.451279838960869539e-01
8.346677341873499634e-01,9.677078250283716043e-01,3.451279838960869539e-01
8.354683746997598748e-01,9.723957186037713862e-01,3.451279838960869539e-01
8.362690152121697862e-01,9.767305844027690531e-01,3.451279838960869539e-01
8.370696557245796976e-01,9.807075071807287436e-01,3.451279838960869539e-01
8.378702962369896090e-01,9.843219644308545124e-01,3.451279838960869539e-01
8.386709367493995204e-01,9.875698351176792622e-01,3.451279838960869539e-01
8.394715772618095428e-01,9.904474077440982294e-01,3.451279838960869539e-01
8.402722177742194543e-01,9.929513875989093297e-01,3.451279838960869539e-01
8.410728582866293657e-01,9.950789029972254562e-01,3.451279838960869539e-01
8.418734987990392771e-01,9.968275103892320077e-01,3.451279838960869539e-01
8.426741393114491885e-01,9.981951983904699954e-01,3.451279838960869539e-01
8.434747798238590999e-01,9.991803910275104395e-01,3.451279838960869539e-01
8.442754203362690113e-01,9.997819506714799020e-01,3.451279838960869539e-01
8.450760608486790337e-01,9.999991810340397302e-01,3.451279838960869539e-01
8.458767013610889451e-01,9.998318299879865867e-01,3.451279838960869539e-01
8.466773418734988566e-01,9.992800910623994559e-01,3.451279838960869539e-01
8.474779823859087680e-01,9.983446026110097682e-01,3.451279838960869539e-01
8.482786228983186794e-01,9.970264452304060665e-01,3.451279838960869539e-01
8.490792634107285908e-01,9.953271386513173891e-01,3.451279838960869539e-01
8.498799039231386132e-01,9.932486385725747269e-01,3.451279838960869539e-01
8.506805444355485246e-01,9.907933332271036120e-01,3.451279838960869539e-01
8.514811849479584360e-01,9.879640393003749077e-01,3.451279838960869539e-01
8.522818254603683474e-01,9.847639969324093467e-01,3.451279838960869539e-01
8.530824659727782588e-01,9.811968637099458546e-01,3.451279838960869539e-01
8.538831064851881703e-01,9.772667076921687235e-01,3.451279838960869539e-01
8.546837469975980817e-01,9.729779995754483934e-01,3.451279838960869539e-01
8.554843875100081041e-01,9.683356041031320194e-01,3.451279838960869539e-01
8.562850280224180155e-01,9.633447707935073323e-01,3.451279838960869539e-01
8.570856685348279269e-01,9.580111240215707369e-01,3.451279838960869539e-01
8.578863090472378383e-01,9.523406524668036610e-01,3.451279838960869539e-01
8.586869495596477497e-01,9.463396979326769154e-01,3.451279838960869539e-01
8.594875900720576611e-01,9.400149435505763540e-01,3.451279838960869539e-01
8.602882305844675725e-01,9.333734013921362038e-01,3.451279838960869539e-01
8.610888710968775950e-01,9.264223995228297870e-01,3.451279838960869539e-01
8.618895116092875064e-01,9.191695685348285627e-01,3.451279838960869539e-01
8.626901521216974178e-01,9.116228275980980955e-01,3.451279838960869539e-01
8.634907926341073292e-01,9.037903700672078600e-01,3.451279838960869539e-01
8.642914331465172406e-01,8.956806486805187761e-01,3.451279838960869539e-01
8.650920736589271520e-01,8.873023603882850274e-01,3.451279838960869539e-01
8.658927141713371745e-01,8.786644308464978126e-01,3.451279838960869539e-01
8.666933546837470859e-01,8.697759986148937417e-01,3.451279838960869539e-01
8.674939951961569973e-01,8.606463990979024148e-01,3.451279838960869539e-01
8.682946357085669087e-01,8.512851482682080029e-01,3.451279838960869539e-01
8.690952762209768201e-01,8.417019262127648505e-01,3.451279838960869539e-01
8.698959167333867315e-01,8.319065605407824915e-01,3.451279838960869539e-01
8.706965572457966429e-01,8.219090096934494882e-01,3.451279838960869539e-01
8.714971977582066653e-01,8.117193461947598276e-01,3.451279838960869539e-01
8.722978382706165768e-01,8.013477398821838849e-01,3.451279838960869539e-01
8.730984787830264882e-01,7.908044411561236942e-01,3.451279838960869539e-01
8.738991192954363996e-01,7.800997642863551906e-01,3.451279838960869539e-01
8.746997598078463110e-01,7.692440708128993609e-01,3.451279838960869539e-01
8.755004003202562224e-01,7.582477530780720176e-01,3.451279838960869539e-01
8.763010408326661338e-01,7.471212179258081010e-01,3.451279838960869539e-01
8.771016813450761562e-01,7.358748706031229547e-01,3.451279838960869539e-01
8.779023218574860676e-01,7.245190988977923130e-01,3.451279838960869539e-01
8.787029623698959790e-01,7.130642575450719667e-01,3.451279838960869539e-01
8.795036028823058905e-01,7.015206529351660780e-01,3.451279838960869539e-01
8.803042433947158019e-01,6.898985281516536450e-01,3.451279838960869539e-01
8.811048839071257133e-01,6.782080483700747564e-01,3.451279838960869539e-01
8.819055244195357357e-01,6.664592866441252372e-01,3.451279838960869539e-01
8.827061649319456471e-01,6.546622101055520337e-01,3.451279838960869539e-01
8.835068054443555585e-01,6.428266666023730869e-01,3.451279838960869539e-01
8.843074459567654699e-01,6.309623717983164903e-01,3.451279838960869539e-01
8.851080864691753813e-01,6.190788967549074595e-01,3.451279838960869539e-01
8.859087269815852927e-01,6.071856560157589122e-01,3.451279838960869539e-01
8.867093674939952042e-01,5.952918962111097834e-01,3.451279838960869539e-01
8.875100080064052266e-01,5.834066851987356195e-01,3.451279838960869539e-01
8.883106485188151380e-01,5.715389017559378004e-01,3.451279838960869539e-01
8.891112890312250494e-01,5.596972258351069485e-01,3.451279838960869539e-01
8.899119295436349608e-01,5.478901293941011996e-01,3.451279838960869539e-01
8.907125700560448722e-01,5.361258678105259579e-01,3.451279838960869539e-01
8.915132105684547836e-01,5.244124718874730862e-01,3.451279838960869539e-01
8.923138510808646950e-01,5.127577404566281416e-01,3.451279838960869539e-01
8.931144915932747175e-01,5.011692335824475819e-01,3.451279838960869539e-01
8.939151321056846289e-01,4.896542663701064502e-01,3.451279838960869539e-01
8.947157726180945403e-01,4.782199033778097852e-01,3.451279838960869539e-01
8.955164131305044517e-01,4.668729536325663121e-01,3.451279838960869539e-01
8.963170536429143631e-01,4.556199662469429534e-01,3.451279838960869539e-01
8.971176941553242745e-01,4.444672266326697430e-01,3.451279838960869539e-01
8.979183346677341859e-01,4.334207533056889106e-01,3.451279838960869539e-01
8.987189751801442084e-01,4.224862952756207046e-01,3.451279838960869539e-01
8.995196156925541198e-01,4.116693300112459486e-01,3.451279838960869539e-01
9.003202562049640312e-01,4.009750619724205545e-01,3.451279838960869539e-01
9.011208967173739426e-01,3.904084216974336718e-01,3.451279838960869539e-01
9.019215372297838540e-01,3.799740654336171142e-01,3.451279838960869539e-01
9.027221777421937654e-01,3.696763752980502526e-01,3.451279838960869539e-01
9.035228182546037878e-01,3.595194599539196512e-01,3.451279838960869539e-01
9.043234587670136992e-01,3.495071557872838075e-01,3.451279838960869539e-01
9.051240992794236107e-01,3.396430285679690741e-01,3.451279838960869539e-01
9.059247397918335221e-01,3.299303755775412350e-01,3.451279838960869539e-01
9.067253803042434335e-01,3.203722281864786470e-01,3.451279838960869539e-01
9.075260208166533449e-01,3.109713548620566814e-01,3.451279838960869539e-01
9.083266613290632563e-01,3.017302645877867895e-01,3.451279838960869539e-01
9.091273018414732787e-01,2.926512106746202990e-01,3.451279838960869539e-01
9.099279423538831901e-01,2.837361949439147768e-01,3.451279838960869539e-01
9.107285828662931015e-01,2.749869722614855516e-01,3.451279838960869539e-01
9.115292233787030129e-01,2.664050554019493089e-01,3.451279838960869539e-01
9.123298638911129244e-01,2.579917202222311579e-01,3.451279838960869539e-01
9.131305044035228358e-01,2.497480111229370692e-01,3.451279838960869539e-01
9.139311449159327472e-01,2.416747467762477841e-01,3.451279838960869539e-01
9.147317854283427696e-01,2.337725260988818277e-01,3.451279838960869539e-01
9.155324259407526810e-01,2.260417344487414271e-01,3.451279838960869539e-01
9.163330664531625924e-01,2.184825500239845342e-01,3.451279838960869539e-01
9.171337069655725038e-01,2.110949504433644042e-01,3.451279838960869539e-01
9.179343474779824152e-01,2.038787194868900976e-01,3.451279838960869539e-01
9.187349879903923267e-01,1.968334539762230107e-01,3.451279838960869539e-01
9.195356285028023491e-01,1.899585707744211038e-01,3.451279838960869539e-01
9.203362690152122605e-01,1.832533138851257792e-01,3.451279838960869539e-01
9.211369095276221719e-01,1.767167616316338841e-01,3.451279838960869539e-01
9.219375500400320833e-01,1.703478338968317241e-01,3.451279838960869539e-01
9.227381905524419947e-01,1.641452994053959058e-01,3.451279838960869539e-01
9.235388310648519061e-01,1.581077830302908549e-01,3.451279838960869539e-01
9.243394715772618175e-01,1.522337731061247090e-01,3.451279838960869539e-01
9.251401120896718400e-01,1.465216287325594169e-01,3.451279838960869539e-01
9.259407526020817514e-01,1.409695870515872695e-01,3.451279838960869539e-01
9.267413931144916628e-01,1.355757704831899446e-01,3.451279838960869539e-01
9.275420336269015742e-01,1.303381939045822890e-01,3.451279838960869539e-01
9.283426741393114856e-01,1.252547717588736176e-01,3.451279838960869539e-01
9.291433146517213970e-01,1.203233250798443621e-01,3.451279838960869539e-01
9.299439551641313084e-01,1.155415884201184407e-01,3.451279838960869539e-01
9.307445956765413309e-01,1.109072166708725271e-01,3.451279838960869539e-01
9.315452361889512423e-01,1.064177917619177766e-01,3.451279838960869539e-01
9.323458767013611537e-01,1.020708292317545479e-01,3.451279838960869539e-01
9.331465172137710651e-01,9.786378465798149795e-02,3.451279838960869539e-01
9.339471577261809765e-01,9.379405993916740958e-02,3.451279838960869539e-01
9.347477982385908879e-01,8.985900942006559700e-02,3.451279838960869539e-01
9.355484387510009103e-01,8.605594585278725228e-02,3.451279838960869539e-01
9.363490792634108217e-01,8.238214618729026995e-02,3.451279838960869539e-01
9.371497197758207331e-01,7.883485718526675456e-02,3.451279838960869539e-01
9.379503602882306446e-01,7.541130085223991808e-02,3.451279838960869539e-01
9.387510008006405560e-01,7.210867968335207823e-02,3.451279838960869539e-01
9.395516413130504674e-01,6.892418171903069712e-02,3.451279838960869539e-01
9.403522818254603788e-01,6.585498540739391504e-02,3.451279838960869539e-01
9.411529223378704012e-01,6.289826427086618599e-02,3.451279838960869539e-01
9.419535628502803126e-01,6.005119137513961758e-02,3.451279838960869539e-01
9.427542033626902240e-01,5.731094359920453629e-02,3.451279838960869539e-01
9.435548438751001354e-01,5.467470570573716715e-02,3.451279838960869539e-01
9.443554843875100469e-01,5.213967421172093636e-02,3.451279838960869539e-01
9.451561248999199583e-01,4.970306105967361304e-02,3.451279838960869539e-01
9.459567654123298697e-01,4.736209709040541116e-02,3.451279838960869539e-01
9.467574059247398921e-01,4.511403531865593175e-02,3.451279838960869539e-01
9.475580464371498035e-01,4.295615401346081913e-02,3.451279838960869539e-01
9.483586869495597149e-01,4.088575958550268868e-02,3.451279838960869539e-01
9.491593274619696263e-01,3.890018928411170113e-02,3.451279838960869539e-01
9.499599679743795377e-01,3.699681370693192611e-02,3.451279838960869539e-01
9.507606084867894491e-01,3.517303912564732210e-02,3.451279838960869539e-01
9.515612489991994716e-01,3.342630963146928091e-02,3.451279838960869539e-01
9.523618895116093830e-01,3.175410910436823192e-02,3.451279838960869539e-01
9.531625300240192944e-01,3.015396301031654167e-02,3.451279838960869539e-01
9.539631705364292058e-01,2.862344003103672874e-02,3.451279838960869539e-01
9.547638110488391172e-01,2.716015353097035734e-02,3.451279838960869539e-01
9.555644515612490286e-01,2.576176286637773399e-02,3.451279838960869539e-01
9.563650920736589400e-01,2.442597454162781165e-02,3.451279838960869539e-01
9.571657325860689625e-01,2.315054321789847963e-02,3.451279838960869539e-01
9.579663730984788739e-01,2.193327257961753471e-02,3.451279838960869539e-01
9.587670136108887853e-01,2.077201606406302303e-02,3.451279838960869539e-01
9.595676541232986967e-01,1.966467745963283373e-02,3.451279838960869539e-01
9.603682946357086081e-01,1.860921137833758399e-02,3.451279838960869539e-01
9.611689351481185195e-01,1.760362360810426019e-02,3.451279838960869539e-01
9.619695756605284309e-01,1.664597135050774335e-02,3.451279838960869539e-01
9.627702161729384533e-01,1.573436334953430896e-02,3.451279838960869539e-01
9.635708566853483648e-01,1.486695991697281963e-02,3.451279838960869539e-01
9.643714971977582762e-01,1.404197285999173907e-02,3.451279838960869539e-01
9.651721377101681876e-01,1.325766531642331818e-02,3.451279838960869539e-01
9.659727782225780990e-01,1.251235150320568687e-02,3.451279838960869539e-01
9.667734187349880104e-01,1.180439638336877248e-02,3.451279838960869539e-01
9.675740592473979218e-01,1.113221525685920144e-02,3.451279838960869539e-01
9.683746997598079442e-01,1.049427328041160554e-02,3.451279838960869539e-01
9.691753402722178556e-01,9.889084921555286317e-03,3.451279838960869539e-01
9.699759807846277671e-01,9.315213351739343520e-03,3.451279838960869539e-01
9.707766212970376785e-01,8.771269783426956929e-03,3.451279838960869539e-01
9.715772618094475899e-01,8.255912755883507495e-03,3.451279838960869539e-01
9.723779023218575013e-01,7.767847374233664490e-03,3.451279838960869539e-01
9.731785428342675237e-01,7.305824506226087783e-03,3.451279838960869539e-01
9.739791833466774351e-01,6.868639940988868590e-03,3.451279838960869539e-01
9.747798238590873465e-01,6.455133513904866630e-03,3.451279838960869539e-01
9.755804643714972579e-01,6.064188201581154417e-03,3.451279838960869539e-01
9.763811048839071693e-01,5.694729190723324223e-03,3.451279838960869539e-01
9.771817453963170808e-01,5.345722924568630657e-03,3.451279838960869539e-01
9.779823859087269922e-01,5.016176130364703202e-03,3.451279838960869539e-01
9.787830264211370146e-01,4.705134831221186205e-03,3.451279838960869539e-01
9.795836669335469260e-01,4.411683345499489706e-03,3.451279838960869539e-01
9.803843074459568374e-01,4.134943276741657667e-03,3.451279838960869539e-01
9.811849479583667488e-01,3.874072496980922233e-03,3.451279838960869539e-01
9.819855884707766602e-01,3.628264126116451018e-03,3.451279838960869539e-01
9.827862289831865716e-01,3.396745509877978006e-03,3.451279838960869539e-01
9.835868694955964830e-01,3.178777198750521067e-03,3.451279838960869539e-01
9.843875100080065055e-01,2.973651930077606410e-03,3.451279838960869539e-01
9.851881505204164169e-01,2.780693615412253156e-03,3.451279838960869539e-01
9.859887910328263283e-01,2.599256335039233212e-03,3.451279838960869539e-01
9.867894315452362397e-01,2.428723341449859092e-03,3.451279838960869539e-01
9.875900720576461511e-01,2.268506073411351645e-03,3.451279838960869539e-01
9.883907125700560625e-01,2.118043182139542607e-03,3.451279838960869539e-01
9.891913530824660850e-01,1.976799570952778549e-03,3.451279838960869539e-01
9.899919935948759964e-01,1.844265449659487910e-03,3.451279838960869539e-01
9.907926341072859078e-01,1.719955404810959067e-03,3.451279838960869539e-01
9.915932746196958192e-01,1.603407486833851713e-03,3.451279838960869539e-01
9.923939151321057306e-01,1.494182314945575194e-03,3.451279838960869539e-01
9.931945556445156420e-01,1.391862200648794458e-03,3.451279838960869539e-01
9.939951961569255534e-01,1.296050290498756974e-03,3.451279838960869539e-01
9.947958366693355758e-01,1.206369728740681402e-03,3.451279838960869539e-01
9.955964771817454873e-01,1.122462840320928145e-03,3.451279838960869539e-01
9.963971176941553987e-01,1.043990334689283948e-03,3.451279838960869539e-01
9.971977582065653101e-01,9.706305307263566294e-04,3.451279838960869539e-01
9.979983987189752215e-01,9.020786030517897710e-04,3.451279838960869539e-01
9.987990392313851329e-01,8.380458498961784351e-04,3.451279838960869539e-01
9.995996797437950443e-01,7.782589826503480152e-04,3.451279838960869539e-01
