x, u, time
4.003202562049639444e-04,3.641451380268818649e-01,4.423715113051724379e-01
1.200960768614891833e-03,3.540662636994312273e-01,4.423715113051724379e-01
2.001601281024820156e-03,3.441339696202482812e-01,4.423715113051724379e-01
2.802241793434748045e-03,3.343516755221591641e-01,4.423715113051724379e-01
3.602882305844675934e-03,3.247225339941311462e-01,4.423715113051724379e-01
4.403522818254604690e-03,3.152494332946018107e-01,4.423715113051724379e-01
5.204163330664531711e-03,3.059350005851540488e-01,4.423715113051724379e-01
6.004803843074460468e-03,2.967816055651000262e-01,4.423715113051724379e-01
6.805444355484387489e-03,2.877913644870208620e-01,4.423715113051724379e-01
7.606084867894316245e-03,2.789661445328739942e-01,4.423715113051724379e-01
8.406725380304245002e-03,2.703075685299523023e-01,4.423715113051724379e-01
9.207365892714172023e-03,2.618170199856822977e-01,4.423715113051724379e-01
1.000800640512410078e-02,2.534956484200329152e-01,4.423715113051724379e-01
1.080864691753402780e-02,2.453443749742259539e-01,4.423715113051724379e-01
1.160928742994395656e-02,2.373638982743088433e-01,4.423715113051724379e-01
1.240992794235388358e-02,2.295547005281947661e-01,4.423715113051724379e-01
1.321056845476381233e-02,2.219170538348346766e-01,4.423715113051724379e-01
1.401120896717374109e-02,2.144510266842709345e-01,4.423715113051724379e-01
1.481184947958366811e-02,2.071564906276213980e-01,4.423715113051724379e-01
1.561248999199359687e-02,2.000331270961014096e-01,4.423715113051724379e-01
1.641313050440352389e-02,1.930804343487182440e-01,4.423715113051724379e-01
1.721377101681344918e-02,1.862977345284355657e-01,4.423715113051724379e-01
1.801441152922337793e-02,1.796841808071318325e-01,4.423715113051724379e-01
1.881505204163330669e-02,1.732387646000470016e-01,4.423715113051724379e-01
1.961569255404323545e-02,1.669603228309096132e-01,4.423715113051724379e-01
2.041633306645316420e-02,1.608475452295410890e-01,4.423715113051724379e-01
2.121697357886308949e-02,1.548989816442037926e-01,4.423715113051724379e-01
2.201761409127301825e-02,1.491130493515854250e-01,4.423715113051724379e-01
2.281825460368294700e-02,1.434880403479940336e-01,4.423715113051724379e-01
2.361889511609287576e-02,1.380221286059387376e-01,4.423715113051724379e-01
2.441953562850280104e-02,1.327133772809428458e-01,4.423715113051724379e-01
2.522017614091272980e-02,1.275597458541794516e-01,4.423715113051724379e-01
2.602081665332265856e-02,1.225590971972270182e-01,4.423715113051724379e-01
2.682145716573258731e-02,1.177092045459139924e-01,4.423715113051724379e-01
2.762209767814251607e-02,1.130077583710517170e-01,4.423715113051724379e-01
2.842273819055244136e-02,1.084523731345361230e-01,4.423715113051724379e-01
2.922337870296237011e-02,1.040405939200919755e-01,4.423715113051724379e-01
3.002401921537229887e-02,9.976990292867816967e-02,4.423715113051724379e-01
3.082465972778222763e-02,9.563772582931323596e-02,4.423715113051724379e-01
3.162530024019215291e-02,9.164143795686638394e-02,4.423715113051724379e-01
3.242594075260208514e-02,8.777837034909910519e-02,4.423715113051724379e-01
3.322658126501201042e-02,8.404581561596373429e-02,4.423715113051724379e-01
3.402722177742193571e-02,8.044103363491630909e-02,4.423715113051724379e-01
3.482786228983186794e-02,7.696125706671939903e-02,4.423715113051724379e-01
3.562850280224179322e-02,7.360369668691496559e-02,4.423715113051724379e-01
3.642914331465172545e-02,7.036554652885231020e-02,4.423715113051724379e-01
3.722978382706165074e-02,6.724398883478449607e-02,4.423715113051724379e-01
3.803042433947157602e-02,6.423619881226227957e-02,4.423715113051724379e-01
3.883106485188150825e-02,6.133934919365211652e-02,4.423715113051724379e-01
3.963170536429143354e-02,5.855061459722345901e-02,4.423715113051724379e-01
4.043234587670136576e-02,5.586717568886307578e-02,4.423715113051724379e-01
4.123298638911129105e-02,5.328622314399710652e-02,4.423715113051724379e-01
4.203362690152121633e-02,5.080496140989387149e-02,4.423715113051724379e-01
4.283426741393114856e-02,4.842061226900713777e-02,4.423715113051724379e-01
4.363490792634107385e-02,4.613041820452480624e-02,4.423715113051724379e-01
4.443554843875099913e-02,4.393164556975125840e-02,4.423715113051724379e-01
4.523618895116093136e-02,4.182158756338655303e-02,4.423715113051724379e-01
4.603682946357085665e-02,3.979756701318768602e-02,4.423715113051724379e-01
4.683746997598078887e-02,3.785693897087794718e-02,4.423715113051724379e-01
4.763811048839071416e-02,3.599709312152122448e-02,4.423715113051724379e-01
4.843875100080063945e-02,3.421545601093325256e-02,4.423715113051724379e-01
4.923939151321057167e-02,3.250949309497852546e-02,4.423715113051724379e-01
5.004003202562049696e-02,3.087671061489788080e-02,4.423715113051724379e-01
5.084067253803042918e-02,2.931465730306257247e-02,4.423715113051724379e-01
5.164131305044035447e-02,2.782092592377236745e-02,4.423715113051724379e-01
5.244195356285027976e-02,2.639315465392062798e-02,4.423715113051724379e-01
5.324259407526021198e-02,2.502902830852190424e-02,4.423715113051724379e-01
5.404323458767013727e-02,2.372627941624858017e-02,4.423715113051724379e-01
5.484387510008006950e-02,2.248268915026184478e-02,4.423715113051724379e-01
5.564451561248999478e-02,2.129608811971423279e-02,4.423715113051724379e-01
5.644515612489992007e-02,2.016435702739791808e-02,4.423715113051724379e-01
5.724579663730985229e-02,1.908542719907114008e-02,4.423715113051724379e-01
5.804643714971977758e-02,1.805728099003647488e-02,4.423715113051724379e-01
5.884707766212970981e-02,1.707795207457412159e-02,4.423715113051724379e-01
5.964771817453963509e-02,1.614552562384077156e-02,4.423715113051724379e-01
6.044835868694956038e-02,1.525813837783660150e-02,4.423715113051724379e-01
6.124899919935949261e-02,1.441397861701643017e-02,4.423715113051724379e-01
6.204963971176941789e-02,1.361128603908194623e-02,4.423715113051724379e-01
6.285028022417935012e-02,1.284835154643916739e-02,4.423715113051724379e-01
6.365092073658927541e-02,1.212351694974233077e-02,4.423715113051724379e-01
6.445156124899921457e-02,1.143517459286323874e-02,4.423715113051724379e-01
6.525220176140913986e-02,1.078176690453148956e-02,4.423715113051724379e-01
6.605284227381906514e-02,1.016178588179549730e-02,4.423715113051724379e-01
6.685348278622899043e-02,9.573772510339166250e-03,4.423715113051724379e-01
6.765412329863891572e-02,9.016316126566701478e-03,4.423715113051724379e-01
6.845476381104885488e-02,8.488053726239817159e-03,4.423715113051724379e-01
6.925540432345878017e-02,7.987669224314371957e-03,4.423715113051724379e-01
7.005604483586870546e-02,7.513892670479138669e-03,4.423715113051724379e-01
7.085668534827863074e-02,7.065499424749942074e-03,4.423715113051724379e-01
7.165732586068855603e-02,6.641309297321392954e-03,4.423715113051724379e-01
7.245796637309849519e-02,6.240185656720587289e-03,4.423715113051724379e-01
7.325860688550842048e-02,5.861034510147915440e-03,4.423715113051724379e-01
7.405924739791834577e-02,5.502803559730308665e-03,4.423715113051724379e-01
7.485988791032827105e-02,5.164481238248295504e-03,4.423715113051724379e-01
7.566052842273819634e-02,4.845095727738059702e-03,4.423715113051724379e-01
7.646116893514813551e-02,4.543713964206472049e-03,4.423715113051724379e-01
7.726180944755806079e-02,4.259440631533223040e-03,4.423715113051724379e-01
7.806244995996798608e-02,3.991417147475572261e-03,4.423715113051724379e-01
7.886309047237791137e-02,3.738820644530065941e-03,4.423715113051724379e-01
7.966373098478783665e-02,3.500862948248324464e-03,4.423715113051724379e-01
8.046437149719777582e-02,3.276789555447311847e-03,4.423715113051724379e-01
8.126501200960770110e-02,3.065878614601690900e-03,4.423715113051724379e-01
8.206565252201762639e-02,2.867439910555433409e-03,4.423715113051724379e-01
8.286629303442755168e-02,2.680813855541956496e-03,4.423715113051724379e-01
8.366693354683747696e-02,2.505370488358355310e-03,4.423715113051724379e-01
8.446757405924741613e-02,2.340508483400261051e-03,4.423715113051724379e-01
8.526821457165734142e-02,2.185654171125358657e-03,4.423715113051724379e-01
8.606885508406726670e-02,2.040260571383286942e-03,4.423715113051724379e-01
8.686949559647719199e-02,1.903806440921584258e-03,4.423715113051724379e-01
8.767013610888711728e-02,1.775795336253464677e-03,4.423715113051724379e-01
8.847077662129704256e-02,1.655754692955364047e-03,4.423715113051724379e-01
8.927141713370698173e-02,1.543234922347756864e-03,4.423715113051724379e-01
9.007205764611690701e-02,1.437808526403428280e-03,4.423715113051724379e-01
9.087269815852683230e-02,1.339069231624019467e-03,4.423715113051724379e-01
9.167333867093675759e-02,1.246631142524884037e-03,4.423715113051724379e-01
9.247397918334668288e-02,1.160127915274512594e-03,4.423715113051724379e-01
9.327461969575662204e-02,1.079211951945059081e-03,4.423715113051724379e-01
9.407526020816654733e-02,1.003553615744929781e-03,4.423715113051724379e-01
9.487590072057647261e-02,9.328404675247322459e-04,4.423715113051724379e-01
9.567654123298639790e-02,8.667765237721831604e-04,4.423715113051724379e-01
9.647718174539632319e-02,8.050815362406244131e-04,4.423715113051724379e-01
9.727782225780626235e-02,7.474902932897227632e-04,4.423715113051724379e-01
9.807846277021618764e-02,6.937519429548255970e-04,4.423715113051724379e-01
9.887910328262611293e-02,6.436293377038307742e-04,4.423715113051724379e-01
9.967974379503603821e-02,5.968984007872918125e-04,4.423715113051724379e-01
1.004803843074459635e-01,5.533475140382184982e-04,4.423715113051724379e-01
1.012810248198559027e-01,5.127769269325843432e-04,4.423715113051724379e-01
1.020816653322658280e-01,4.749981866803129941e-04,4.423715113051724379e-01
1.028823058446757532e-01,4.398335890786611645e-04,4.423715113051724379e-01
1.036829463570856785e-01,4.071156498256922195e-04,4.423715113051724379e-01
1.044835868694956038e-01,3.766865959607597369e-04,4.423715113051724379e-01
1.052842273819055430e-01,3.483978770714451123e-04,4.423715113051724379e-01
1.060848678943154683e-01,3.221096958818514934e-04,4.423715113051724379e-01
1.068855084067253935e-01,2.976905578157411662e-04,4.423715113051724379e-01
1.076861489191353188e-01,2.750168391092709425e-04,4.423715113051724379e-01
1.084867894315452441e-01,2.539723730321566918e-04,4.423715113051724379e-01
1.092874299439551833e-01,2.344480537625190971e-04,4.423715113051724379e-01
1.100880704563651086e-01,2.163414574495470678e-04,4.423715113051724379e-01
1.108887109687750339e-01,1.995564799892422933e-04,4.423715113051724379e-01
1.116893514811849591e-01,1.840029910316386748e-04,4.423715113051724379e-01
1.124899919935948844e-01,1.695965037330524159e-04,4.423715113051724379e-01
1.132906325060048236e-01,1.562578597638340522e-04,4.423715113051724379e-01
1.140912730184147489e-01,1.439129290807617065e-04,4.423715113051724379e-01
1.148919135308246742e-01,1.324923239733273909e-04,4.423715113051724379e-01
1.156925540432345995e-01,1.219311268948264560e-04,4.423715113051724379e-01
1.164931945556445247e-01,1.121686315920766266e-04,4.423715113051724379e-01
1.172938350680544639e-01,1.031480970517670363e-04,4.423715113051724379e-01
1.180944755804643892e-01,9.481651378660531002e-05,4.423715113051724379e-01
1.188951160928743145e-01,8.712438199069822938e-05,4.423715113051724379e-01
1.196957566052842398e-01,8.002550110069245532e-05,4.423715113051724379e-01
1.204963971176941651e-01,7.347677030712217866e-05,4.423715113051724379e-01
1.212970376301040903e-01,6.743799956901243872e-05,4.423715113051724379e-01
1.220976781425140295e-01,6.187173069401772057e-05,4.423715113051724379e-01
1.228983186549239548e-01,5.674306805615474179e-05,4.423715113051724379e-01
1.236989591673338801e-01,5.201951853340664014e-05,4.423715113051724379e-01
1.244995996797438054e-01,4.767084025811087525e-05,4.423715113051724379e-01
1.253002401921537168e-01,4.366889978397951163e-05,4.423715113051724379e-01
1.261008807045636559e-01,3.998753728480577285e-05,4.423715113051724379e-01
1.269015212169735674e-01,3.660243941132512209e-05,4.423715113051724379e-01
1.277021617293835065e-01,3.349101944424929942e-05,4.423715113051724379e-01
1.285028022417934457e-01,3.063230439313066323e-05,4.423715113051724379e-01
1.293034427542033571e-01,2.800682870243276207e-05,4.423715113051724379e-01
1.301040832666132963e-01,2.559653423786658168e-05,4.423715113051724379e-01
1.309047237790232077e-01,2.338467623773778179e-05,4.423715113051724379e-01
1.317053642914331468e-01,2.135573492565784125e-05,4.423715113051724379e-01
1.325060048038430860e-01,1.949533249246176430e-05,4.423715113051724379e-01
1.333066453162529974e-01,1.779015516655486475e-05,4.423715113051724379e-01
1.341072858286629366e-01,1.622788010312861901e-05,4.423715113051724379e-01
1.349079263410728480e-01,1.479710683371542507e-05,4.423715113051724379e-01
1.357085668534827871e-01,1.348729302839032309e-05,4.423715113051724379e-01
1.365092073658927263e-01,1.228869433353790516e-05,4.423715113051724379e-01
1.373098478783026377e-01,1.119230805848709962e-05,4.423715113051724379e-01
1.381104883907125769e-01,1.018982049444200662e-05,4.423715113051724379e-01
1.389111289031224883e-01,9.273557659009777583e-06,4.423715113051724379e-01
1.397117694155324275e-01,8.436439269224310696e-06,4.423715113051724379e-01
1.405124099279423666e-01,7.671935755286771026e-06,4.423715113051724379e-01
1.413130504403522780e-01,6.974028136286427634e-06,4.423715113051724379e-01
1.421136909527622172e-01,6.337170587910647874e-06,4.423715113051724379e-01
1.429143314651721286e-01,5.756255540615554437e-06,4.423715113051724379e-01
1.437149719775820678e-01,5.226581154896376955e-06,4.423715113051724379e-01
1.445156124899920069e-01,4.743821028169535180e-06,4.423715113051724379e-01
1.453162530024019183e-01,4.303995995361386373e-06,4.423715113051724379e-01
1.461168935148118575e-01,3.903447892589491157e-06,4.423715113051724379e-01
1.469175340272217689e-01,3.538815160326434049e-06,4.423715113051724379e-01
1.477181745396317081e-01,3.207010169154789659e-06,4.423715113051724379e-01
1.485188150520416472e-01,2.905198157661475696e-06,4.423715113051724379e-01
1.493194555644515586e-01,2.630777678182549997e-06,4.423715113051724379e-01
1.501200960768614978e-01,2.381362452003532906e-06,4.423715113051724379e-01
1.509207365892714092e-01,2.154764541248529328e-06,4.423715113051724379e-01
1.517213771016813484e-01,1.948978750063271341e-06,4.423715113051724379e-01
1.525220176140912876e-01,1.762168172816175533e-06,4.423715113051724379e-01
1.533226581265011990e-01,1.592650811917745575e-06,4.423715113051724379e-01
1.541232986389111381e-01,1.438887192495622715e-06,4.423715113051724379e-01
1.549239391513210495e-01,1.299468905571459857e-06,4.423715113051724379e-01
1.557245796637309887e-01,1.173108015570760446e-06,4.423715113051724379e-01
1.565252201761409279e-01,1.058627271968506840e-06,4.423715113051724379e-01
1.573258606885508393e-01,9.549510686356663781e-07,4.423715113051724379e-01
1.581265012009607784e-01,8.610970980165829557e-07,4.423715113051724379e-01
1.589271417133706898e-01,7.761686506391570539e-07,4.423715113051724379e-01
1.597277822257806290e-01,6.993475136469324284e-07,4.423715113051724379e-01
1.605284227381905682e-01,6.298874250535774948e-07,4.423715113051724379e-01
1.613290632506004796e-01,5.671080432617887627e-07,4.423715113051724379e-01
1.621297037630104187e-01,5.103893940679278916e-07,4.423715113051724379e-01
1.629303442754203302e-01,4.591667598988146628e-07,4.423715113051724379e-01
1.637309847878302693e-01,4.129259784038184585e-07,4.423715113051724379e-01
1.645316253002402085e-01,3.711991197615689862e-07,4.423715113051724379e-01
1.653322658126501199e-01,3.335605141626094036e-07,4.423715113051724379e-01
1.661329063250600591e-01,2.996231029036541965e-07,4.423715113051724379e-01
1.669335468374699705e-01,2.690350883821448979e-07,4.423715113051724379e-01
1.677341873498799096e-01,2.414768600176630795e-07,4.423715113051724379e-01
1.685348278622898488e-01,2.166581747557760025e-07,4.423715113051724379e-01
1.693354683746997602e-01,1.943155723349459047e-07,4.423715113051724379e-01
1.701361088871096994e-01,1.742100069246807402e-07,4.423715113051724379e-01
1.709367493995196108e-01,1.561246780780387336e-07,4.423715113051724379e-01
1.717373899119295499e-01,1.398630451888657595e-07,4.423715113051724379e-01
1.725380304243394614e-01,1.252470108091469830e-07,4.423715113051724379e-01
1.733386709367494005e-01,1.121152592688227752e-07,4.423715113051724379e-01
1.741393114491593397e-01,1.003217380541192569e-07,4.423715113051724379e-01
1.749399519615692511e-01,8.973427034515105139e-08,4.423715113051724379e-01
1.757405924739791903e-01,8.023328799329341846e-08,4.423715113051724379e-01
1.765412329863891017e-01,7.171067503755068944e-08,4.423715113051724379e-01
1.773418734987990408e-01,6.406871262061406932e-08,4.423715113051724379e-01
1.781425140112089800e-01,5.721911687298951253e-08,4.423715113051724379e-01
1.789431545236188914e-01,5.108216199093360991e-08,4.423715113051724379e-01
1.797437950360288306e-01,4.558588134404120570e-08,4.423715113051724379e-01
1.805444355484387420e-01,4.066534001429840885e-08,4.423715113051724379e-01
1.813450760608486811e-01,3.626197269308980624e-08,4.423715113051724379e-01
1.821457165732586203e-01,3.232298134868445609e-08,4.423715113051724379e-01
1.829463570856685317e-01,2.880078752675227605e-08,4.423715113051724379e-01
1.837469975980784709e-01,2.565253456284036883e-08,4.423715113051724379e-01
1.845476381104883823e-01,2.283963537075466643e-08,4.423715113051724379e-01
1.853482786228983215e-01,2.032736182660635721e-08,4.423715113051724379e-01
1.861489191353082606e-01,1.808447209688349277e-08,4.423715113051724379e-01
1.869495596477181720e-01,1.608287256219452892e-08,4.423715113051724379e-01
1.877502001601281112e-01,1.429731126811543544e-08,4.423715113051724379e-01
1.885508406725380226e-01,1.270510009246542431e-08,4.423715113051724379e-01
1.893514811849479618e-01,1.128586305596810593e-08,4.423715113051724379e-01
1.901521216973579009e-01,1.002130842203209284e-08,4.423715113051724379e-01
1.909527622097678123e-01,8.895022432726147032e-09,4.423715113051724379e-01
1.917534027221777515e-01,7.892282713190150495e-09,4.423715113051724379e-01
1.925540432345876629e-01,6.999889546906752485e-09,4.423715113051724379e-01
1.933546837469976021e-01,6.206013380607226586e-09,4.423715113051724379e-01
1.941553242594075412e-01,5.500057061109232929e-09,4.423715113051724379e-01
1.949559647718174527e-01,4.872531438080958070e-09,4.423715113051724379e-01
1.957566052842273918e-01,4.314943087491738061e-09,4.423715113051724379e-01
1.965572457966373032e-01,3.819693021191154021e-09,4.423715113051724379e-01
1.973578863090472424e-01,3.379985349439269354e-09,4.423715113051724379e-01
1.981585268214571816e-01,2.989744956017301774e-09,4.423715113051724379e-01
1.989591673338670930e-01,2.643543330462790906e-09,4.423715113051724379e-01
1.997598078462770321e-01,2.336531779621129839e-09,4.423715113051724379e-01
2.005604483586869435e-01,2.064381311665030307e-09,4.423715113051724379e-01
2.013610888710968827e-01,1.823228550551681774e-09,4.423715113051724379e-01
2.021617293835068219e-01,1.609627098057237146e-09,4.423715113051724379e-01
2.029623698959167333e-01,1.420503814515296296e-09,4.423715113051724379e-01
2.037630104083266724e-01,1.253119538615510305e-09,4.423715113051724379e-01
2.045636509207365838e-01,1.105033811485792852e-09,4.423715113051724379e-01
2.053642914331465230e-01,9.740732111511599176e-10,4.423715113051724379e-01
2.061649319455564622e-01,8.583029406691565348e-10,4.423715113051724379e-01
2.069655724579663736e-01,7.560013470968386117e-10,4.423715113051724379e-01
2.077662129703763128e-01,6.656370792324681142e-10,4.423715113051724379e-01
2.085668534827862242e-01,5.858486200589522864e-10,4.423715113051724379e-01
2.093674939951961633e-01,5.154259552376755844e-10,4.423715113051724379e-01
2.101681345076061025e-01,4.532941620829905700e-10,4.423715113051724379e-01
2.109687750200160139e-01,3.984987243935166302e-10,4.423715113051724379e-01
2.117694155324259531e-01,3.501923975139276397e-10,4.423715113051724379e-01
2.125700560448358645e-01,3.076234652222799193e-10,4.423715113051724379e-01
2.133706965572458036e-01,2.701252456410915902e-10,4.423715113051724379e-01
2.141713370696557428e-01,2.371067174998981835e-10,4.423715113051724379e-01
2.149719775820656542e-01,2.080441508652112665e-10,4.423715113051724379e-01
2.157726180944755934e-01,1.824736380222400538e-10,4.423715113051724379e-01
2.165732586068855048e-01,1.599844306521008674e-10,4.423715113051724379e-01
2.173738991192954439e-01,1.402129989000821710e-10,4.423715113051724379e-01
2.181745396317053831e-01,1.228377364673567594e-10,4.423715113051724379e-01
2.189751801441152945e-01,1.075742435651324666e-10,4.423715113051724379e-01
2.197758206565252337e-01,9.417112652350650565e-11,4.423715113051724379e-01
2.205764611689351451e-01,8.240625911795332691e-11,4.423715113051724379e-01
2.213771016813450843e-01,7.208345632831479927e-11,4.423715113051724379e-01
2.221777421937550234e-01,6.302951633692465399e-11,4.423715113051724379e-01
2.229783827061649348e-01,5.509159115730951374e-11,4.423715113051724379e-01
2.237790232185748740e-01,4.813485041103058398e-11,4.423715113051724379e-01
2.245796637309847854e-01,4.204040648179463015e-11,4.423715113051724379e-01
2.253803042433947246e-01,3.670347261285128600e-11,4.423715113051724379e-01
2.261809447558046637e-01,3.203172851226620073e-11,4.423715113051724379e-01
2.269815852682145751e-01,2.794387072382631166e-11,4.423715113051724379e-01
2.277822257806245143e-01,2.436832743902027715e-11,4.423715113051724379e-01
2.285828662930344257e-01,2.124211959481858400e-11,4.423715113051724379e-01
2.293835068054443649e-01,1.850985204740749914e-11,4.423715113051724379e-01
2.301841473178543040e-01,1.612282035583706417e-11,4.423715113051724379e-01
2.309847878302642155e-01,1.403822027186943813e-11,4.423715113051724379e-01
2.317854283426741546e-01,1.221844843131005300e-11,4.423715113051724379e-01
2.325860688550840660e-01,1.063048399426844094e-11,4.423715113051724379e-01
2.333867093674940052e-01,9.245342101962713664e-12,4.423715113051724379e-01
2.341873498799039444e-01,8.037591019272378559e-12,4.423715113051724379e-01
2.349879903923138558e-01,6.984925727381618340e-12,4.423715113051724379e-01
2.357886309047237949e-01,6.067791530460403006e-12,4.423715113051724379e-01
2.365892714171337063e-01,5.269051954234492213e-12,4.423715113051724379e-01
2.373899119295436455e-01,4.573695851390721050e-12,4.423715113051724379e-01
2.381905524419535847e-01,3.968579197027166982e-12,4.423715113051724379e-01
2.389911929543634961e-01,3.442197563982660482e-12,4.423715113051724379e-01
2.397918334667734352e-01,2.984485719331357005e-12,4.423715113051724379e-01
2.405924739791833467e-01,2.586641185418885322e-12,4.423715113051724379e-01
2.413931144915932858e-01,2.240968966775507663e-12,4.423715113051724379e-01
2.421937550040031972e-01,1.940744962752116114e-12,4.423715113051724379e-01
2.429943955164131364e-01,1.680095869002208821e-12,4.423715113051724379e-01
2.437950360288230756e-01,1.453893622751709413e-12,4.423715113051724379e-01
2.445956765412329870e-01,1.257662670544865042e-12,4.423715113051724379e-01
2.453963170536429261e-01,1.087498535863612914e-12,4.423715113051724379e-01
2.461969575660528375e-01,9.399963404050998515e-13,4.423715113051724379e-01
2.469975980784627767e-01,8.121880893023755651e-13,4.423715113051724379e-01
2.477982385908727159e-01,7.014876693608390964e-13,4.423715113051724379e-01
2.485988791032826273e-01,6.056426324054545255e-13,4.423715113051724379e-01
2.493995196156925664e-01,5.226919448287509336e-13,4.423715113051724379e-01
2.502001601281024779e-01,4.509289809517284815e-13,4.423715113051724379e-01
2.510008006405124448e-01,3.888691232453983462e-13,4.423715113051724379e-01
2.518014411529223562e-01,3.352214080476223675e-13,4.423715113051724379e-01
2.526020816653322676e-01,2.888637222520435754e-13,4.423715113051724379e-01
2.534027221777421790e-01,2.488211155265985073e-13,4.423715113051724379e-01
2.542033626901521459e-01,2.142468448154581230e-13,4.423715113051724379e-01
2.550040032025620573e-01,1.844058139708127803e-13,4.423715113051724379e-01
2.558046437149719687e-01,1.586601120438460579e-13,4.423715113051724379e-01
2.566052842273819357e-01,1.364563896563116681e-13,4.423715113051724379e-01
2.574059247397918471e-01,1.173148445240630370e-13,4.423715113051724379e-01
2.582065652522017585e-01,1.008196151005357719e-13,4.423715113051724379e-01
2.590072057646117254e-01,8.661040588476411947e-14,4.423715113051724379e-01
2.598078462770216368e-01,7.437518958039621564e-14,4.423715113051724379e-01
2.606084867894315482e-01,6.384385034069749839e-14,4.423715113051724379e-01
2.614091273018414596e-01,5.478264909279723986e-14,4.423715113051724379e-01
2.622097678142514265e-01,4.698940667090846945e-14,4.423715113051724379e-01
2.630104083266613380e-01,4.028931344087009000e-14,4.423715113051724379e-01
2.638110488390712494e-01,3.453128547778201453e-14,4.423715113051724379e-01
2.646116893514812163e-01,2.958479735119811674e-14,4.423715113051724379e-01
2.654123298638911277e-01,2.533713034323338458e-14,4.423715113051724379e-01
2.662129703763010391e-01,2.169098261987714913e-14,4.423715113051724379e-01
2.670136108887110060e-01,1.856239462367985925e-14,4.423715113051724379e-01
2.678142514011209174e-01,1.587894887061171351e-14,4.423715113051724379e-01
2.686148919135308288e-01,1.357820851580874067e-14,4.423715113051724379e-01
2.694155324259407402e-01,1.160636359080366829e-14,4.423715113051724379e-01
2.702161729383507072e-01,9.917057786912890537e-15,4.423715113051724379e-01
2.710168134507606186e-01,8.470372134667718405e-15,4.423715113051724379e-01
2.718174539631705300e-01,7.231944968304859027e-15,4.423715113051724379e-01
2.726180944755804969e-01,6.172210220877413820e-15,4.423715113051724379e-01
2.734187349879904083e-01,5.265738416612713845e-15,4.423715113051724379e-01
2.742193755004003197e-01,4.490666754172297804e-15,4.423715113051724379e-01
2.750200160128102311e-01,3.828206443903728468e-15,4.423715113051724379e-01
2.758206565252201981e-01,3.262217006049109798e-15,4.423715113051724379e-01
2.766212970376301095e-01,2.778838583332760883e-15,4.423715113051724379e-01
2.774219375500400209e-01,2.366174495099292274e-15,4.423715113051724379e-01
2.782225780624499878e-01,2.014017282906594326e-15,4.423715113051724379e-01
2.790232185748598992e-01,1.713612388220028074e-15,4.423715113051724379e-01
2.798238590872698106e-01,1.457454378291218069e-15,4.423715113051724379e-01
2.806244995996797775e-01,1.239111311054724281e-15,4.423715113051724379e-01
2.814251401120896889e-01,1.053073416750004050e-15,4.423715113051724379e-01
2.822257806244996003e-01,8.946227841888242134e-16,4.423715113051724379e-01
2.830264211369095118e-01,7.597211829530737130e-16,4.423715113051724379e-01
2.838270616493194787e-01,6.449135379104200868e-16,4.423715113051724379e-01
2.846277021617293901e-01,5.472449067814698880e-16,4.423715113051724379e-01
2.854283426741393015e-01,4.641891016412911012e-16,4.423715113051724379e-01
2.862289831865492684e-01,3.935873469198774945e-16,4.423715113051724379e-01
2.870296236989591798e-01,3.335955846824000078e-16,4.423715113051724379e-01
2.878302642113690912e-01,2.826392270863683620e-16,4.423715113051724379e-01
2.886309047237790582e-01,2.393743197361292751e-16,4.423715113051724379e-01
2.894315452361889696e-01,2.026542215049497163e-16,4.423715113051724379e-01
2.902321857485988810e-01,1.715010291637998359e-16,4.423715113051724379e-01
2.910328262610087924e-01,1.450810813632205074e-16,4.423715113051724379e-01
2.918334667734187593e-01,1.226839683532610485e-16,4.423715113051724379e-01
2.926341072858286707e-01,1.037045532054578417e-16,4.423715113051724379e-01
2.934347477982385821e-01,8.762757887968267892e-17,4.423715113051724379e-01
2.942353883106485490e-01,7.401449470075834623e-17,4.423715113051724379e-01
2.950360288230584604e-01,6.249218692884265976e-17,4.423715113051724379e-01
2.958366693354683719e-01,5.274334221288991704e-17,4.423715113051724379e-01
2.966373098478783388e-01,4.449821075343823176e-17,4.423715113051724379e-01
2.974379503602882502e-01,3.752756878996344384e-17,4.423715113051724379e-01
2.982385908726981616e-01,3.163670828067128637e-17,4.423715113051724379e-01
2.990392313851080730e-01,2.666030597567299643e-17,4.423715113051724379e-01
2.998398718975180399e-01,2.245804503255756819e-17,4.423715113051724379e-01
3.006405124099279513e-01,1.891088034933765698e-17,4.423715113051724379e-01
3.014411529223378627e-01,1.591785429442550023e-17,4.423715113051724379e-01
3.022417934347478297e-01,1.339338284341190278e-17,4.423715113051724379e-01
3.030424339471577411e-01,1.126494358795717472e-17,4.423715113051724379e-01
3.038430744595676525e-01,9.471106922341907121e-18,4.423715113051724379e-01
3.046437149719776194e-01,7.959860162192330273e-18,4.423715113051724379e-01
3.054443554843875308e-01,6.687181601146009538e-18,4.423715113051724379e-01
3.062449959967974422e-01,5.615827731785521145e-18,4.423715113051724379e-01
3.070456365092073536e-01,4.714302191220585435e-18,4.423715113051724379e-01
3.078462770216173205e-01,3.955979563568951248e-18,4.423715113051724379e-01
3.086469175340272320e-01,3.318361088469994565e-18,4.423715113051724379e-01
3.094475580464371434e-01,2.782442679027035472e-18,4.423715113051724379e-01
3.102481985588471103e-01,2.332178523776816093e-18,4.423715113051724379e-01
3.110488390712570217e-01,1.954026003920499051e-18,4.423715113051724379e-01
3.118494795836669331e-01,1.636559758059189463e-18,4.423715113051724379e-01
3.126501200960769000e-01,1.370144522756651841e-18,4.423715113051724379e-01
3.134507606084868114e-01,1.146657911990930059e-18,4.423715113051724379e-01
3.142514011208967228e-01,9.592556094060625062e-19,4.423715113051724379e-01
3.150520416333066342e-01,8.021725664128467380e-19,4.423715113051724379e-01
3.158526821457166012e-01,6.705547542337523050e-19,4.423715113051724379e-01
3.166533226581265126e-01,5.603168326477750239e-19,4.423715113051724379e-01
3.174539631705364240e-01,4.680217927993733009e-19,4.423715113051724379e-01
3.182546036829463909e-01,3.907792234270034922e-19,4.423715113051724379e-01
3.190552441953563023e-01,3.261593541811986602e-19,4.423715113051724379e-01
3.198558847077662137e-01,2.721204591394555065e-19,4.423715113051724379e-01
3.206565252201761806e-01,2.269475691438637829e-19,4.423715113051724379e-01
3.214571657325860921e-01,1.892007525666209145e-19,4.423715113051724379e-01
3.222578062449960035e-01,1.576714885717978351e-19,4.423715113051724379e-01
3.230584467574059149e-01,1.313458817494157792e-19,4.423715113051724379e-01
3.238590872698158818e-01,1.093736580136464668e-19,4.423715113051724379e-01
3.246597277822257932e-01,9.104204389029289339e-20,4.423715113051724379e-01
3.254603682946357046e-01,7.575376904694431164e-20,4.423715113051724379e-01
3.262610088070456715e-01,6.300854879336234107e-20,4.423715113051724379e-01
3.270616493194555829e-01,5.238750241471267976e-20,4.423715113051724379e-01
3.278622898318654943e-01,4.354004725227743778e-20,4.423715113051724379e-01
3.286629303442754613e-01,3.617287967949725026e-20,4.423715113051724379e-01
3.294635708566853727e-01,3.004071446454850688e-20,4.423715113051724379e-01
3.302642113690952841e-01,2.493850510704945805e-20,4.423715113051724379e-01
3.310648518815051955e-01,2.069491098423833594e-20,4.423715113051724379e-01
3.318654923939151624e-01,1.716681373099200744e-20,4.423715113051724379e-01
3.326661329063250738e-01,1.423471622022872705e-20,4.423715113051724379e-01
3.334667734187349852e-01,1.179888366590079148e-20,4.423715113051724379e-01
3.342674139311449522e-01,9.776108470802853717e-21,4.423715113051724379e-01
3.350680544435548636e-01,8.096999106716936757e-21,4.423715113051724379e-01
3.358686949559647750e-01,6.703709072011173931e-21,4.423715113051724379e-01
3.366693354683747419e-01,5.548035268996426797e-21,4.423715113051724379e-01
3.374699759807846533e-01,4.589826359474913434e-21,4.423715113051724379e-01
3.382706164931945647e-01,3.795651113649193187e-21,4.423715113051724379e-01
3.390712570056044761e-01,3.137684737464427948e-21,4.423715113051724379e-01
3.398718975180144430e-01,2.592777877428849585e-21,4.423715113051724379e-01
3.406725380304243544e-01,2.141678655501314076e-21,4.423715113051724379e-01
3.414731785428342659e-01,1.768382845202929040e-21,4.423715113051724379e-01
3.422738190552442328e-01,1.459591303672616839e-21,4.423715113051724379e-01
3.430744595676541442e-01,1.204257141296269272e-21,4.423715113051724379e-01
3.438751000800640556e-01,9.932079408366659266e-22,4.423715113051724379e-01
3.446757405924739670e-01,8.188307161803861749e-22,4.423715113051724379e-01
3.454763811048839339e-01,6.748092982723859917e-22,4.423715113051724379e-01
3.462770216172938453e-01,5.559055127658765110e-22,4.423715113051724379e-01
3.470776621297037567e-01,4.577769212012589144e-22,4.423715113051724379e-01
3.478783026421137237e-01,3.768250780070995852e-22,4.423715113051724379e-01
3.486789431545236351e-01,3.100692454204376184e-22,4.423715113051724379e-01
3.494795836669335465e-01,2.550413380002932214e-22,4.423715113051724379e-01
3.502802241793435134e-01,2.096985633982583489e-22,4.423715113051724379e-01
3.510808646917534248e-01,1.723508080419009655e-22,4.423715113051724379e-01
3.518815052041633362e-01,1.416003035456610938e-22,4.423715113051724379e-01
3.526821457165732476e-01,1.162915172698263793e-22,4.423715113051724379e-01
3.534827862289832145e-01,9.546955134765092727e-23,4.423715113051724379e-01
3.542834267413931260e-01,7.834561948958406375e-23,4.423715113051724379e-01
3.550840672538030374e-01,6.426840902106405992e-23,4.423715113051724379e-01
3.558847077662130043e-01,5.270033453109876664e-23,4.423715113051724379e-01
3.566853482786229157e-01,4.319785559392067129e-23,4.423715113051724379e-01
3.574859887910328271e-01,3.539516963690829886e-23,4.423715113051724379e-01
3.582866293034427940e-01,2.899070666065423782e-23,4.423715113051724379e-01
3.590872698158527054e-01,2.373594894006969393e-23,4.423715113051724379e-01
3.598879103282626168e-01,1.942617920595874889e-23,4.423715113051724379e-01
3.606885508406725283e-01,1.589282776877541640e-23,4.423715113051724379e-01
3.614891913530824952e-01,1.299714481365158201e-23,4.423715113051724379e-01
3.622898318654924066e-01,1.062497052025147249e-23,4.423715113051724379e-01
3.630904723779023180e-01,8.682414291553023712e-24,4.423715113051724379e-01
3.638911128903122849e-01,7.092286507196589675e-24,4.423715113051724379e-01
3.646917534027221963e-01,5.791152931688425393e-24,4.423715113051724379e-01
3.654923939151321077e-01,4.726904109362597539e-24,4.423715113051724379e-01
3.662930344275420746e-01,3.856750521228404915e-24,4.423715113051724379e-01
3.670936749399519861e-01,3.145569593459716546e-24,4.423715113051724379e-01
3.678943154523618975e-01,2.564543358686853772e-24,4.423715113051724379e-01
3.686949559647718089e-01,2.090036117503423537e-24,4.423715113051724379e-01
3.694955964771817758e-01,1.702670193814032823e-24,4.423715113051724379e-01
3.702962369895916872e-01,1.386565128012996540e-24,4.423715113051724379e-01
3.710968775020015986e-01,1.128711659808431399e-24,4.423715113051724379e-01
3.718975180144115655e-01,9.184568286432286194e-25,4.423715113051724379e-01
3.726981585268214769e-01,7.470806395516285106e-25,4.423715113051724379e-01
3.734987990392313884e-01,6.074481518338588435e-25,4.423715113051724379e-01
3.742994395516413553e-01,4.937236684241848200e-25,4.423715113051724379e-01
3.751000800640512667e-01,4.011360360613103892e-25,4.423715113051724379e-01
3.759007205764611781e-01,3.257859940593689377e-25,4.423715113051724379e-01
3.767013610888710895e-01,2.644881021274417119e-25,4.423715113051724379e-01
3.775020016012810564e-01,2.146410929759881085e-25,4.423715113051724379e-01
3.783026421136909678e-01,1.741215812279226349e-25,4.423715113051724379e-01
3.791032826261008792e-01,1.411969560935188115e-25,4.423715113051724379e-01
3.799039231385108462e-01,1.144540242546651156e-25,4.423715113051724379e-01
3.807045636509207576e-01,9.274057867623571737e-26,4.423715113051724379e-01
3.815052041633306690e-01,7.511757117979977623e-26,4.423715113051724379e-01
3.823058446757406359e-01,6.081998025015718737e-26,4.423715113051724379e-01
3.831064851881505473e-01,4.922480614844232340e-26,4.423715113051724379e-01
3.839071257005604587e-01,3.982490575429023004e-26,4.423715113051724379e-01
3.847077662129703701e-01,3.220761021696647218e-26,4.423715113051724379e-01
3.855084067253803370e-01,2.603725818999791346e-26,4.423715113051724379e-01
3.863090472377902485e-01,2.104093336533167495e-26,4.423715113051724379e-01
3.871096877502001599e-01,1.699682316382364849e-26,4.423715113051724379e-01
3.879103282626101268e-01,1.372472069127888924e-26,4.423715113051724379e-01
3.887109687750200382e-01,1.107827848564198931e-26,4.423715113051724379e-01
3.895116092874299496e-01,8.938693502645001360e-27,4.423715113051724379e-01
3.903122497998399165e-01,7.209560968269946874e-27,4.423715113051724379e-01
3.911128903122498279e-01,5.812682435725827362e-27,4.423715113051724379e-01
3.919135308246597393e-01,4.684652490740701524e-27,4.423715113051724379e-01
3.927141713370696507e-01,3.774080589904792001e-27,4.423715113051724379e-01
3.935148118494796177e-01,3.039330758099480652e-27,4.423715113051724379e-01
3.943154523618895291e-01,2.446683353561458740e-27,4.423715113051724379e-01
3.951160928742994405e-01,1.968840688545781194e-27,4.423715113051724379e-01
3.959167333867094074e-01,1.583712673044195615e-27,4.423715113051724379e-01
3.967173738991193188e-01,1.273430406173261384e-27,4.423715113051724379e-01
3.975180144115292302e-01,1.023545248908378797e-27,4.423715113051724379e-01
3.983186549239391971e-01,8.223787620187503116e-28,4.423715113051724379e-01
3.991192954363491086e-01,6.604953036465326959e-28,4.423715113051724379e-01
3.999199359487590200e-01,5.302743138002661366e-28,4.423715113051724379e-01
4.007205764611689314e-01,4.255635827078834693e-28,4.423715113051724379e-01
4.015212169735788983e-01,3.413982823327945443e-28,4.423715113051724379e-01
4.023218574859888097e-01,2.737733794006121943e-28,4.423715113051724379e-01
4.031224979983987211e-01,2.194593618982252892e-28,4.423715113051724379e-01
4.039231385108086880e-01,1.758530956534571530e-28,4.423715113051724379e-01
4.047237790232185994e-01,1.408571621824066558e-28,4.423715113051724379e-01
4.055244195356285108e-01,1.127822780120904287e-28,4.423715113051724379e-01
4.063250600480384778e-01,9.026841186586939998e-29,4.423715113051724379e-01
4.071257005604483892e-01,7.222104250169946915e-29,4.423715113051724379e-01
4.079263410728583006e-01,5.775967178011976143e-29,4.423715113051724379e-01
4.087269815852682120e-01,4.617625341038424439e-29,4.423715113051724379e-01
4.095276220976781789e-01,3.690164119787671008e-29,4.423715113051724379e-01
4.103282626100880903e-01,2.947852059571656964e-29,4.423715113051724379e-01
4.111289031224980017e-01,2.353957951801244128e-29,4.423715113051724379e-01
4.119295436349079687e-01,1.878991138219433351e-29,4.423715113051724379e-01
4.127301841473178801e-01,1.499283553428322770e-29,4.423715113051724379e-01
4.135308246597277915e-01,1.195847597669201606e-29,4.423715113051724379e-01
4.143314651721377029e-01,9.534565511479842887e-30,4.423715113051724379e-01
4.151321056845476698e-01,7.599044617829946622e-30,4.423715113051724379e-01
4.159327461969575812e-01,6.054107146666754770e-30,4.423715113051724379e-01
4.167333867093674926e-01,4.821411918201003204e-30,4.423715113051724379e-01
4.175340272217774595e-01,3.838233513114389486e-30,4.423715113051724379e-01
4.183346677341873709e-01,3.054369344352749376e-30,4.423715113051724379e-01
4.191353082465972824e-01,2.429655437977520468e-30,4.423715113051724379e-01
4.199359487590072493e-01,1.931971868867337688e-30,4.423715113051724379e-01
4.207365892714171607e-01,1.535641857275563881e-30,4.423715113051724379e-01
4.215372297838270721e-01,1.220147243270856344e-30,4.423715113051724379e-01
4.223378702962369835e-01,9.690982522703277303e-31,4.423715113051724379e-01
4.231385108086469504e-01,7.694077297519094609e-31,4.423715113051724379e-01
4.239391513210568618e-01,6.106297827799042054e-31,4.423715113051724379e-01
4.247397918334667732e-01,4.844304248707764278e-31,4.423715113051724379e-01
4.255404323458767402e-01,3.841638595680850310e-31,4.423715113051724379e-01
4.263410728582866516e-01,3.045329915350592142e-31,4.423715113051724379e-01
4.271417133706965630e-01,2.413170638912788021e-31,4.423715113051724379e-01
4.279423538831065299e-01,1.911531611168491775e-31,4.423715113051724379e-01
4.287429943955164413e-01,1.513615397699767837e-31,4.423715113051724379e-01
4.295436349079263527e-01,1.198070395322180956e-31,4.423715113051724379e-01
4.303442754203362641e-01,9.479001385124996052e-32,4.423715113051724379e-01
4.311449159327462310e-01,7.496054613706989131e-32,4.423715113051724379e-01
4.319455564451561425e-01,5.924985652025724660e-32,4.423715113051724379e-01
4.327461969575660539e-01,4.681354298654198087e-32,4.423715113051724379e-01
4.335468374699760208e-01,3.698305312246832317e-32,4.423715113051724379e-01
4.343474779823859322e-01,2.922423957565696373e-32,4.423715113051724379e-01
4.351481184947958436e-01,2.310404600459789410e-32,4.423715113051724379e-01
4.359487590072058105e-01,1.826718867066802332e-32,4.423715113051724379e-01
4.367493995196157219e-01,1.442358367828906515e-32,4.423715113051724379e-01
4.375500400320256333e-01,1.134467335060858949e-32,4.423715113051724379e-01
4.383506805444355447e-01,8.864082509674682787e-33,4.423715113051724379e-01
4.391513210568455117e-01,6.876776351564979217e-33,4.423715113051724379e-01
4.399519615692554231e-01,5.332044792267310213e-33,4.423715113051724379e-01
4.407526020816653345e-01,4.218933053153857494e-33,4.423715113051724379e-01
4.415532425940753014e-01,3.546758320412157925e-33,4.423715113051724379e-01
4.423538831064852128e-01,3.326241447576267750e-33,4.423715113051724379e-01
4.431545236188951242e-01,3.557200602751966634e-33,4.423715113051724379e-01
4.439551641313050911e-01,4.226555542692295621e-33,4.423715113051724379e-01
4.447558046437150026e-01,5.316670349678786070e-33,4.423715113051724379e-01
4.455564451561249140e-01,6.820560645016245424e-33,4.423715113051724379e-01
4.463570856685348254e-01,8.758720053174905869e-33,4.423715113051724379e-01
4.471577261809447923e-01,1.119286961673316332e-32,4.423715113051724379e-01
4.479583666933547037e-01,1.423429853407484967e-32,4.423715113051724379e-01
4.487590072057646151e-01,1.804742188953792833e-32,4.423715113051724379e-01
4.495596477181745820e-01,2.285145430374181858e-32,4.423715113051724379e-01
4.503602882305844934e-01,2.892394332461850999e-32,4.423715113051724379e-01
4.511609287429944048e-01,3.660934587122835266e-32,4.423715113051724379e-01
4.519615692554043718e-01,4.633448985090841475e-32,4.423715113051724379e-01
4.527622097678142832e-01,5.863146020911747957e-32,4.423715113051724379e-01
4.535628502802241946e-01,7.416779393923876977e-32,4.423715113051724379e-01
4.543634907926341060e-01,9.378405360169586111e-32,4.423715113051724379e-01
4.551641313050440729e-01,1.185396841994063073e-31,4.423715113051724379e-01
4.559647718174539843e-01,1.497691754668979319e-31,4.423715113051724379e-01
4.567654123298638957e-01,1.891516308900437074e-31,4.423715113051724379e-01
4.575660528422738627e-01,2.387977534316568395e-31,4.423715113051724379e-01
4.583666933546837741e-01,3.013590624720841847e-31,4.423715113051724379e-01
4.591673338670936855e-01,3.801650425232956301e-31,4.423715113051724379e-01
4.599679743795036524e-01,4.793950936361450579e-31,4.423715113051724379e-01
4.607686148919135638e-01,6.042937560124011060e-31,4.423715113051724379e-01
4.615692554043234752e-01,7.614398039080582178e-31,4.423715113051724379e-01
4.623698959167333866e-01,9.590825022801231342e-31,4.423715113051724379e-01
4.631705364291433535e-01,1.207561664848137944e-30,4.423715113051724379e-01
4.639711769415532649e-01,1.519832265729506357e-30,4.423715113051724379e-01
4.647718174539631764e-01,1.912119424841439084e-30,4.423715113051724379e-01
4.655724579663731433e-01,2.404735860263976141e-30,4.423715113051724379e-01
4.663730984787830547e-01,3.023101689249982680e-30,4.423715113051724379e-01
4.671737389911929661e-01,3.799016136942288375e-30,4.423715113051724379e-01
4.679743795036029330e-01,4.772242727974434932e-30,4.423715113051724379e-01
4.687750200160128444e-01,5.992484440452046916e-30,4.423715113051724379e-01
4.695756605284227558e-01,7.521843772837281326e-30,4.423715113051724379e-01
4.703763010408326672e-01,9.437885552922969055e-30,4.423715113051724379e-01
4.711769415532426342e-01,1.183744864563588319e-29,4.423715113051724379e-01
4.719775820656525456e-01,1.484138777894590678e-29,4.423715113051724379e-01
4.727782225780624570e-01,1.860047009029547644e-29,4.423715113051724379e-01
4.735788630904724239e-01,2.330270465287167365e-29,4.423715113051724379e-01
4.743795036028823353e-01,2.918244957695285407e-29,4.423715113051724379e-01
4.751801441152922467e-01,3.653172325792229552e-29,4.423715113051724379e-01
4.759807846277022136e-01,4.571424760476465861e-29,4.423715113051724379e-01
4.767814251401121250e-01,5.718287611643416942e-29,4.423715113051724379e-01
4.775820656525220365e-01,7.150121399540631625e-29,4.423715113051724379e-01
4.783827061649319479e-01,8.937042788013315306e-29,4.423715113051724379e-01
4.791833466773419148e-01,1.116624775753343328e-28,4.423715113051724379e-01
4.799839871897518262e-01,1.394612915980840270e-28,4.423715113051724379e-01
4.807846277021617376e-01,1.741137650073288689e-28,4.423715113051724379e-01
4.815852682145717045e-01,2.172928972703464257e-28,4.423715113051724379e-01
4.823859087269816159e-01,2.710759287656072003e-28,4.423715113051724379e-01
4.831865492393915273e-01,3.380410001318574154e-28,4.423715113051724379e-01
4.839871897518014388e-01,4.213866774917641690e-28,4.423715113051724379e-01
4.847878302642114057e-01,5.250796934530227246e-28,4.423715113051724379e-01
4.855884707766213171e-01,6.540374913996359886e-28,4.423715113051724379e-01
4.863891112890312285e-01,8.143536811771857944e-28,4.423715113051724379e-01
4.871897518014411954e-01,1.013576381779978621e-27,4.423715113051724379e-01
4.879903923138511068e-01,1.261051719262133546e-27,4.423715113051724379e-01
4.887910328262610182e-01,1.568347561424210596e-27,4.423715113051724379e-01
4.895916733386709851e-01,1.949776021711431767e-27,4.423715113051724379e-01
4.903923138510808966e-01,2.423037495930074804e-27,4.423715113051724379e-01
4.911929543634908080e-01,3.010014181124726414e-27,4.423715113051724379e-01
4.919935948759007194e-01,3.737747378986636532e-27,4.423715113051724379e-01
4.927942353883106863e-01,4.639640666002097393e-27,4.423715113051724379e-01
4.935948759007205977e-01,5.756940535704765740e-27,4.423715113051724379e-01
4.943955164131305091e-01,7.140557770665268457e-27,4.423715113051724379e-01
4.951961569255404760e-01,8.853307053343171532e-27,4.423715113051724379e-01
4.959967974379503874e-01,1.097265974819377768e-26,4.423715113051724379e-01
4.967974379503602989e-01,1.359412607954504042e-26,4.423715113051724379e-01
4.975980784627702658e-01,1.683540893899281215e-26,4.423715113051724379e-01
4.983987189751801772e-01,2.084150331426249158e-26,4.423715113051724379e-01
4.991993594875900886e-01,2.579095409327071954e-26,4.423715113051724379e-01
5.000000000000000000e-01,3.190353228730926857e-26,4.423715113051724379e-01
5.008006405124099114e-01,3.944964738833168960e-26,4.423715113051724379e-01
5.016012810248199338e-01,4.876188387667429516e-26,4.423715113051724379e-01
5.024019215372298452e-01,6.024913555774798689e-26,4.423715113051724379e-01
5.032025620496397567e-01,7.441391574210691998e-26,4.423715113051724379e-01
5.040032025620496681e-01,9.187354831070275525e-26,4.423715113051724379e-01
5.048038430744595795e-01,1.133860992967034461e-25,4.423715113051724379e-01
5.056044835868694909e-01,1.398820966690010153e-25,4.423715113051724379e-01
5.064051240992794023e-01,1.725033146691814476e-25,4.423715113051724379e-01
5.072057646116894247e-01,2.126501769882723963e-25,4.423715113051724379e-01
5.080064051240993361e-01,2.620396707461459397e-25,4.423715113051724379e-01
5.088070456365092475e-01,3.227760733258712971e-25,4.423715113051724379e-01
5.096076861489191590e-01,3.974372919375006503e-25,4.423715113051724379e-01
5.104083266613290704e-01,4.891802198584588349e-25,4.423715113051724379e-01
5.112089671737389818e-01,6.018692459910831969e-25,4.423715113051724379e-01
5.120096076861488932e-01,7.402329427077338946e-25,4.423715113051724379e-01
5.128102481985589156e-01,9.100550335290170554e-25,4.423715113051724379e-01
5.136108887109688270e-01,1.118407046347099340e-24,4.423715113051724379e-01
5.144115292233787384e-01,1.373931637116654384e-24,4.423715113051724379e-01
5.152121697357886498e-01,1.687187480395348430e-24,4.423715113051724379e-01
5.160128102481985612e-01,2.071068935759507831e-24,4.423715113051724379e-01
5.168134507606084727e-01,2.541316495975091583e-24,4.423715113051724379e-01
5.176140912730184951e-01,3.117137403839650536e-24,4.423715113051724379e-01
5.184147317854284065e-01,3.821959910128724869e-24,4.423715113051724379e-01
5.192153722978383179e-01,4.684349579798982430e-24,4.423715113051724379e-01
5.200160128102482293e-01,5.739122011537701290e-24,4.423715113051724379e-01
5.208166533226581407e-01,7.028693526044519697e-24,4.423715113051724379e-01
5.216172938350680521e-01,8.604720052352437612e-24,4.423715113051724379e-01
5.224179343474779635e-01,1.053008490077758773e-23,4.423715113051724379e-01
5.232185748598879860e-01,1.288130871791173229e-23,4.423715113051724379e-01
5.240192153722978974e-01,1.575147010800083399e-23,4.423715113051724379e-01
5.248198558847078088e-01,1.925374369723801927e-23,4.423715113051724379e-01
5.256204963971177202e-01,2.352568443774681913e-23,4.423715113051724379e-01
5.264211369095276316e-01,2.873441344492482879e-23,4.423715113051724379e-01
5.272217774219375430e-01,3.508289253209135397e-23,4.423715113051724379e-01
5.280224179343474544e-01,4.281751292353435511e-23,4.423715113051724379e-01
5.288230584467574769e-01,5.223726967581260772e-23,4.423715113051724379e-01
5.296236989591673883e-01,6.370484865427988286e-23,4.423715113051724379e-01
5.304243394715772997e-01,7.766001933468230652e-23,4.423715113051724379e-01
5.312249799839872111e-01,9.463580642443468212e-23,4.423715113051724379e-01
5.320256204963971225e-01,1.152780089481444818e-22,4.423715113051724379e-01
5.328262610088070339e-01,1.403687501499261437e-22,4.423715113051724379e-01
5.336269015212170563e-01,1.708548790700397628e-22,4.423715113051724379e-01
5.344275420336269677e-01,2.078822094165991002e-22,4.423715113051724379e-01
5.352281825460368792e-01,2.528367786944272203e-22,4.423715113051724379e-01
5.360288230584467906e-01,3.073945468141891854e-22,4.423715113051724379e-01
5.368294635708567020e-01,3.735812361420339202e-22,4.423715113051724379e-01
5.376301040832666134e-01,4.538443531620953134e-22,4.423715113051724379e-01
5.384307445956765248e-01,5.511398363251335745e-22,4.423715113051724379e-01
5.392313851080865472e-01,6.690362579939955647e-22,4.423715113051724379e-01
5.400320256204964586e-01,8.118400858340155974e-22,4.423715113051724379e-01
5.408326661329063700e-01,9.847461985615933239e-22,4.423715113051724379e-01
5.416333066453162814e-01,1.194018674080745486e-21,4.423715113051724379e-01
5.424339471577261929e-01,1.447207850152819221e-21,4.423715113051724379e-01
5.432345876701361043e-01,1.753410829077100132e-21,4.423715113051724379e-01
5.440352281825460157e-01,2.123583994268004576e-21,4.423715113051724379e-01
5.448358686949560381e-01,2.570917770641415308e-21,4.423715113051724379e-01
5.456365092073659495e-01,3.111285842814030829e-21,4.423715113051724379e-01
5.464371497197758609e-01,3.763783405064153545e-21,4.423715113051724379e-01
5.472377902321857723e-01,4.551371825636293502e-21,4.423715113051724379e-01
5.480384307445956837e-01,5.501650449182634192e-21,4.423715113051724379e-01
5.488390712570055952e-01,6.647780234208114745e-21,4.423715113051724379e-01
5.496397117694155066e-01,8.029588644810154198e-21,4.423715113051724379e-01
5.504403522818255290e-01,9.694890826718477521e-21,4.423715113051724379e-01
5.512409927942354404e-01,1.170106876086454183e-20,4.423715113051724379e-01
5.520416333066453518e-01,1.411695799754533126e-20,4.423715113051724379e-01
5.528422738190552632e-01,1.702510095986784270e-20,4.423715113051724379e-01
5.536429143314651746e-01,2.052443693716908187e-20,4.423715113051724379e-01
5.544435548438750860e-01,2.473351208683304460e-20,4.423715113051724379e-01
5.552441953562851085e-01,2.979430840293486176e-20,4.423715113051724379e-01
5.560448358686950199e-01,3.587680913652239098e-20,4.423715113051724379e-01
5.568454763811049313e-01,4.318444008832858769e-20,4.423715113051724379e-01
5.576461168935148427e-01,5.196055215668826314e-20,4.423715113051724379e-01
5.584467574059247541e-01,6.249614123711602594e-20,4.423715113051724379e-01
5.592473979183346655e-01,7.513903788954039934e-20,4.423715113051724379e-01
5.600480384307445769e-01,9.030484211919348871e-20,4.423715113051724379e-01
5.608486789431545994e-01,1.084899293391273755e-19,4.423715113051724379e-01
5.616493194555645108e-01,1.302869134847740892e-19,4.423715113051724379e-01
5.624499599679744222e-01,1.564030239648505747e-19,4.423715113051724379e-01
5.632506004803843336e-01,1.876819365740082392e-19,4.423715113051724379e-01
5.640512409927942450e-01,2.251296969088221223e-19,4.423715113051724379e-01
5.648518815052041564e-01,2.699454908577458869e-19,4.423715113051724379e-01
5.656525220176140678e-01,3.235581534706793454e-19,4.423715113051724379e-01
5.664531625300240902e-01,3.876694685800318136e-19,4.423715113051724379e-01
5.672538030424340016e-01,4.643055011908496873e-19,4.423715113051724379e-01
5.680544435548439131e-01,5.558774278568013635e-19,4.423715113051724379e-01
5.688550840672538245e-01,6.652535928351570954e-19,4.423715113051724379e-01
5.696557245796637359e-01,7.958448265800766160e-19,4.423715113051724379e-01
5.704563650920736473e-01,9.517054260582765478e-19,4.423715113051724379e-01
5.712570056044836697e-01,1.137652622769460872e-18,4.423715113051724379e-01
5.720576461168935811e-01,1.359407865108548483e-18,4.423715113051724379e-01
5.728582866293034925e-01,1.623763829531169160e-18,4.423715113051724379e-01
5.736589271417134039e-01,1.938781764716899002e-18,4.423715113051724379e-01
5.744595676541233154e-01,2.314024581881917453e-18,4.423715113051724379e-01
5.752602081665332268e-01,2.760832052772128450e-18,4.423715113051724379e-01
5.760608486789431382e-01,3.292645588215332770e-18,4.423715113051724379e-01
5.768614891913531606e-01,3.925391371859465482e-18,4.423715113051724379e-01
5.776621297037630720e-01,4.677932147838279212e-18,4.423715113051724379e-01
5.784627702161729834e-01,5.572599744784974252e-18,4.423715113051724379e-01
5.792634107285828948e-01,6.635822505162266049e-18,4.423715113051724379e-01
5.800640512409928062e-01,7.898864228644259303e-18,4.423715113051724379e-01
5.808646917534027176e-01,9.398694089837343181e-18,4.423715113051724379e-01
5.816653322658126291e-01,1.117901032198966241e-17,4.423715113051724379e-01
5.824659727782226515e-01,1.329144434856404282e-17,4.423715113051724379e-01
5.832666132906325629e-01,1.579697658538274209e-17,4.423715113051724379e-01
5.840672538030424743e-01,1.876760043401209877e-17,4.423715113051724379e-01
5.848678943154523857e-01,2.228827716563227934e-17,4.423715113051724379e-01
5.856685348278622971e-01,2.645923159708729117e-17,4.423715113051724379e-01
5.864691753402722085e-01,3.139864685311050838e-17,4.423715113051724379e-01
5.872698158526822310e-01,3.724582628309638899e-17,4.423715113051724379e-01
5.880704563650921424e-01,4.416490197992506194e-17,4.423715113051724379e-01
5.888710968775020538e-01,5.234918258980114169e-17,4.423715113051724379e-01
5.896717373899119652e-01,6.202624850391013614e-17,4.423715113051724379e-01
5.904723779023218766e-01,7.346392042947946750e-17,4.423715113051724379e-01
5.912730184147317880e-01,8.697724814778071316e-17,4.423715113051724379e-01
5.920736589271416994e-01,1.029366904397660736e-16,4.423715113051724379e-01
5.928742994395517218e-01,1.217776852274233989e-16,4.423715113051724379e-01
5.936749399519616333e-01,1.440118415537543043e-16,4.423715113051724379e-01
5.944755804643715447e-01,1.702400228134127635e-16,4.423715113051724379e-01
5.952762209767814561e-01,2.011676344648154921e-16,4.423715113051724379e-01
5.960768614891913675e-01,2.376224802426576582e-16,4.423715113051724379e-01
5.968775020016012789e-01,2.805756097295259901e-16,4.423715113051724379e-01
5.976781425140111903e-01,3.311656482827320082e-16,4.423715113051724379e-01
5.984787830264212127e-01,3.907271791820362466e-16,4.423715113051724379e-01
5.992794235388311241e-01,4.608238391152630709e-16,4.423715113051724379e-01
6.000800640512410355e-01,5.432868936484906270e-16,4.423715113051724379e-01
6.008807045636509470e-01,6.402601813159037490e-16,4.423715113051724379e-01
6.016813450760608584e-01,7.542524559152965047e-16,4.423715113051724379e-01
6.024819855884707698e-01,8.881983193831869201e-16,4.423715113051724379e-01
6.032826261008807922e-01,1.045529125548746645e-15,4.423715113051724379e-01
6.040832666132907036e-01,1.230255451911954709e-15,4.423715113051724379e-01
6.048839071257006150e-01,1.447062986697290587e-15,4.423715113051724379e-01
6.056845476381105264e-01,1.701423966773798534e-15,4.423715113051724379e-01
6.064851881505204378e-01,1.999726634298204558e-15,4.423715113051724379e-01
6.072858286629303493e-01,2.349425562653254777e-15,4.423715113051724379e-01
6.080864691753402607e-01,2.759216142878406125e-15,4.423715113051724379e-01
6.088871096877502831e-01,3.239237028858939420e-15,4.423715113051724379e-01
6.096877502001601945e-01,3.801304922810129583e-15,4.423715113051724379e-01
6.104883907125701059e-01,4.459186753214667730e-15,4.423715113051724379e-01
6.112890312249800173e-01,5.228915068074437738e-15,4.423715113051724379e-01
6.120896717373899287e-01,6.129153351667682719e-15,4.423715113051724379e-01
6.128903122497998401e-01,7.181618989532894471e-15,4.423715113051724379e-01
6.136909527622097515e-01,8.411572773061976053e-15,4.423715113051724379e-01
6.144915932746197740e-01,9.848385173433230692e-15,4.423715113051724379e-01
6.152922337870296854e-01,1.152619114922943143e-14,4.423715113051724379e-01
6.160928742994395968e-01,1.348464701093197848e-14,4.423715113051724379e-01
6.168935148118495082e-01,1.576980488043046157e-14,4.423715113051724379e-01
6.176941553242594196e-01,1.843512259096515949e-14,4.423715113051724379e-01
6.184947958366693310e-01,2.154262951373067197e-14,4.423715113051724379e-01
6.192954363490792424e-01,2.516427181856682693e-14,4.423715113051724379e-01
6.200960768614892649e-01,2.938346413094555674e-14,4.423715113051724379e-01
6.208967173738991763e-01,3.429687849625203344e-14,4.423715113051724379e-01
6.216973578863090877e-01,4.001650607373591490e-14,4.423715113051724379e-01
6.224979983987189991e-01,4.667203213427455644e-14,4.423715113051724379e-01
6.232986389111289105e-01,5.441357081639688988e-14,4.423715113051724379e-01
6.240992794235388219e-01,6.341481280390945204e-14,4.423715113051724379e-01
6.248999199359488443e-01,7.387664673906473056e-14,4.423715113051724379e-01
6.257005604483587557e-01,8.603132390578137101e-14,4.423715113051724379e-01
6.265012009607686672e-01,1.001472456529592477e-13,4.423715113051724379e-01
6.273018414731785786e-01,1.165344643424844929e-13,4.423715113051724379e-01
6.281024819855884900e-01,1.355510014856308545e-13,4.423715113051724379e-01
6.289031224979984014e-01,1.576101013846104068e-13,4.423715113051724379e-01
6.297037630104083128e-01,1.831885552598399667e-13,4.423715113051724379e-01
6.305044035228183352e-01,2.128362497850186022e-13,4.423715113051724379e-01
6.313050440352282466e-01,2.471871154728342404e-13,4.423715113051724379e-01
6.321056845476381580e-01,2.869716747936329730e-13,4.423715113051724379e-01
6.329063250600480695e-01,3.330314176511190377e-13,4.423715113051724379e-01
6.337069655724579809e-01,3.863352633138393861e-13,4.423715113051724379e-01
6.345076060848678923e-01,4.479984035952166823e-13,4.423715113051724379e-01
6.353082465972778037e-01,5.193038625346869857e-13,4.423715113051724379e-01
6.361088871096878261e-01,6.017271536721495559e-13,4.423715113051724379e-01
6.369095276220977375e-01,6.969644679201633073e-13,4.423715113051724379e-01
6.377101681345076489e-01,8.069648837978931099e-13,4.423715113051724379e-01
6.385108086469175603e-01,9.339671582711419964e-13,4.423715113051724379e-01
6.393114491593274717e-01,1.080541731622376626e-12,4.423715113051724379e-01
6.401120896717373832e-01,1.249638664751377368e-12,4.423715113051724379e-01
6.409127301841474056e-01,1.444642323312490482e-12,4.423715113051724379e-01
6.417133706965573170e-01,1.669433731509703430e-12,4.423715113051724379e-01
6.425140112089672284e-01,1.928461640738822235e-12,4.423715113051724379e-01
6.433146517213771398e-01,2.226823496321423205e-12,4.423715113051724379e-01
6.441152922337870512e-01,2.570357641249350632e-12,4.423715113051724379e-01
6.449159327461969626e-01,2.965748271322890739e-12,4.423715113051724379e-01
6.457165732586068740e-01,3.420644853734910525e-12,4.423715113051724379e-01
6.465172137710168965e-01,3.943797943736950137e-12,4.423715113051724379e-01
6.473178542834268079e-01,4.545213584535920885e-12,4.423715113051724379e-01
6.481184947958367193e-01,5.236328757385278383e-12,4.423715113051724379e-01
6.489191353082466307e-01,6.030210665709964021e-12,4.423715113051724379e-01
6.497197758206565421e-01,6.941782993226795584e-12,4.423715113051724379e-01
6.505204163330664535e-01,7.988082676068312199e-12,4.423715113051724379e-01
6.513210568454763649e-01,9.188551178072973483e-12,4.423715113051724379e-01
6.521216973578863874e-01,1.056536476247210007e-11,4.423715113051724379e-01
6.529223378702962988e-01,1.214380881860402166e-11,4.423715113051724379e-01
6.537229783827062102e-01,1.395270193618744412e-11,4.423715113051724379e-01
6.545236188951161216e-01,1.602487613003082490e-11,4.423715113051724379e-01
6.553242594075260330e-01,1.839772041368538488e-11,4.423715113051724379e-01
6.561248999199359444e-01,2.111379581124884446e-11,4.423715113051724379e-01
6.569255404323459668e-01,2.422153089319453933e-11,4.423715113051724379e-01
6.577261809447558782e-01,2.777600803677109210e-11,4.423715113051724379e-01
6.585268214571657897e-01,3.183985185756224040e-11,4.423715113051724379e-01
6.593274619695757011e-01,3.648423265099979504e-11,4.423715113051724379e-01
6.601281024819856125e-01,4.178999923737387294e-11,4.423715113051724379e-01
6.609287429943955239e-01,4.784895733930730986e-11,4.423715113051724379e-01
6.617293835068054353e-01,5.476531155673907752e-11,4.423715113051724379e-01
6.625300240192154577e-01,6.265729116340037938e-11,4.423715113051724379e-01
6.633306645316253691e-01,7.165898235497544313e-11,4.423715113051724379e-01
6.641313050440352805e-01,8.192239225951555896e-11,4.423715113051724379e-01
6.649319455564451919e-01,9.361977300520334123e-11,4.423715113051724379e-01
6.657325860688551034e-01,1.069462374617526216e-10,4.423715113051724379e-01
6.665332265812650148e-01,1.221227019659981042e-10,4.423715113051724379e-01
6.673338670936749262e-01,1.393991954492228289e-10,4.423715113051724379e-01
6.681345076060849486e-01,1.590585789473596265e-10,4.423715113051724379e-01
6.689351481184948600e-01,1.814207245435874360e-10,4.423715113051724379e-01
6.697357886309047714e-01,2.068472084189355788e-10,4.423715113051724379e-01
6.705364291433146828e-01,2.357465789285453045e-10,4.423715113051724379e-01
6.713370696557245942e-01,2.685802675430998524e-10,4.423715113051724379e-01
6.721377101681345057e-01,3.058692181667849443e-10,4.423715113051724379e-01
6.729383506805445281e-01,3.482013188415966598e-10,4.423715113051724379e-01
6.737389911929544395e-01,3.962397292576197264e-10,4.423715113051724379e-01
6.745396317053643509e-01,4.507322079016278935e-10,4.423715113051724379e-01
6.753402722177742623e-01,5.125215541938689665e-10,4.423715113051724379e-01
6.761409127301841737e-01,5.825572936948465623e-10,4.423715113051724379e-01
6.769415532425940851e-01,6.619087485316540726e-10,4.423715113051724379e-01
6.777421937550039965e-01,7.517796507287328386e-10,4.423715113051724379e-01
6.785428342674140190e-01,8.535244732746799598e-10,4.423715113051724379e-01
6.793434747798239304e-01,9.686666726729338324e-10,4.423715113051724379e-01
6.801441152922338418e-01,1.098919057580039811e-09,4.423715113051724379e-01
6.809447558046437532e-01,1.246206521118453641e-09,4.423715113051724379e-01
6.817453963170536646e-01,1.412691399765449877e-09,4.423715113051724379e-01
6.825460368294635760e-01,1.600801749585459091e-09,4.423715113051724379e-01
6.833466773418734874e-01,1.813262861232461811e-09,4.423715113051724379e-01
6.841473178542835099e-01,2.053132368863138199e-09,4.423715113051724379e-01
6.849479583666934213e-01,2.323839345154669942e-09,4.423715113051724379e-01
6.857485988791033327e-01,2.629227815322582980e-09,4.423715113051724379e-01
6.865492393915132441e-01,2.973605167717016481e-09,4.423715113051724379e-01
6.873498799039231555e-01,3.361795987606354618e-09,4.423715113051724379e-01
6.881505204163330669e-01,3.799201894525175721e-09,4.423715113051724379e-01
6.889511609287429783e-01,4.291868022496695225e-09,4.423715113051724379e-01
6.897518014411530007e-01,4.846556846996270302e-09,4.423715113051724379e-01
6.905524419535629121e-01,5.470830133203608244e-09,4.423715113051724379e-01
6.913530824659728236e-01,6.173139857434001204e-09,4.423715113051724379e-01
6.921537229783827350e-01,6.962929038215109600e-09,4.423715113051724379e-01
6.929543634907926464e-01,7.850743505926220936e-09,4.423715113051724379e-01
6.937550040032025578e-01,8.848355740903993724e-09,4.423715113051724379e-01
6.945556445156125802e-01,9.968902020174205559e-09,4.423715113051724379e-01
6.953562850280224916e-01,1.122703423327171178e-08,4.423715113051724379e-01
6.961569255404324030e-01,1.263908785881070496e-08,4.423715113051724379e-01
6.969575660528423144e-01,1.422326773645035758e-08,4.423715113051724379e-01
6.977582065652522259e-01,1.599985342466107699e-08,4.423715113051724379e-01
6.985588470776621373e-01,1.799142610424891639e-08,4.423715113051724379e-01
6.993594875900720487e-01,2.022311917208107618e-08,4.423715113051724379e-01
7.001601281024820711e-01,2.272289487004891396e-08,4.423715113051724379e-01
7.009607686148919825e-01,2.552184951230031319e-08,4.423715113051724379e-01
7.017614091273018939e-01,2.865455011052392580e-08,4.423715113051724379e-01
7.025620496397118053e-01,3.215940545406546832e-08,4.423715113051724379e-01
7.033626901521217167e-01,3.607907498041161773e-08,4.423715113051724379e-01
7.041633306645316281e-01,4.046091907381459168e-08,4.423715113051724379e-01
7.049639711769415396e-01,4.535749475726747832e-08,4.423715113051724379e-01
7.057646116893515620e-01,5.082710109761636979e-08,4.423715113051724379e-01
7.065652522017614734e-01,5.693437902728850694e-08,4.423715113051724379e-01
7.073658927141713848e-01,6.375097070104312289e-08,4.423715113051724379e-01
7.081665332265812962e-01,7.135624395467334019e-08,4.423715113051724379e-01
7.089671737389912076e-01,7.983808791699460090e-08,4.423715113051724379e-01
7.097678142514011190e-01,8.929378634930565065e-08,4.423715113051724379e-01
7.105684547638111415e-01,9.983097585069372210e-08,4.423715113051724379e-01
7.113690952762210529e-01,1.115686966755749304e-07,4.423715113051724379e-01
7.121697357886309643e-01,1.246385445651414367e-07,4.423715113051724379e-01
7.129703763010408757e-01,1.391859326997339223e-07,4.423715113051724379e-01
7.137710168134507871e-01,1.553714736381752331e-07,4.423715113051724379e-01
7.145716573258606985e-01,1.733724919263135171e-07,4.423715113051724379e-01
7.153722978382706099e-01,1.933846789339090444e-07,4.423715113051724379e-01
7.161729383506806323e-01,2.156239024208154585e-07,4.423715113051724379e-01
7.169735788630905438e-01,2.403281843438933770e-07,4.423715113051724379e-01
7.177742193755004552e-01,2.677598614998700175e-07,4.423715113051724379e-01
7.185748598879103666e-01,2.982079447607469462e-07,4.423715113051724379e-01
7.193755004003202780e-01,3.319906939019584508e-07,4.423715113051724379e-01
7.201761409127301894e-01,3.694584263543350399e-07,4.423715113051724379e-01
7.209767814251401008e-01,4.109965796343457195e-07,4.423715113051724379e-01
7.217774219375501232e-01,4.570290487278126343e-07,4.423715113051724379e-01
7.225780624499600346e-01,5.080218213265844653e-07,4.423715113051724379e-01
7.233787029623699461e-01,5.644869355504628830e-07,4.423715113051724379e-01
7.241793434747798575e-01,6.269867866347241582e-07,4.423715113051724379e-01
7.249799839871897689e-01,6.961388110322263877e-07,4.423715113051724379e-01
7.257806244995996803e-01,7.726205784755687905e-07,4.423715113051724379e-01
7.265812650120097027e-01,8.571753247746494109e-07,4.423715113051724379e-01
7.273819055244196141e-01,9.506179604955364920e-07,4.423715113051724379e-01
7.281825460368295255e-01,1.053841593184923783e-06,4.423715113051724379e-01
7.289831865492394369e-01,1.167824603476953300e-06,4.423715113051724379e-01
7.297838270616493483e-01,1.293638318253049685e-06,4.423715113051724379e-01
7.305844675740592598e-01,1.432455327029546937e-06,4.423715113051724379e-01
7.313851080864691712e-01,1.585558490926819103e-06,4.423715113051724379e-01
7.321857485988791936e-01,1.754350696937760730e-06,4.423715113051724379e-01
7.329863891112891050e-01,1.940365413769146879e-06,4.423715113051724379e-01
7.337870296236990164e-01,2.145278109283294960e-06,4.423715113051724379e-01
7.345876701361089278e-01,2.370918593528984393e-06,4.423715113051724379e-01
7.353883106485188392e-01,2.619284355527446312e-06,4.423715113051724379e-01
7.361889511609287506e-01,2.892554966376347709e-06,4.423715113051724379e-01
7.369895916733386620e-01,3.193107625863162993e-06,4.423715113051724379e-01
7.377902321857486845e-01,3.523533934642922442e-06,4.423715113051724379e-01
7.385908726981585959e-01,3.886657979145413241e-06,4.423715113051724379e-01
7.393915132105685073e-01,4.285555821736317942e-06,4.423715113051724379e-01
7.401921537229784187e-01,4.723576494273589567e-06,4.423715113051724379e-01
7.409927942353883301e-01,5.204364599083878818e-06,4.423715113051724379e-01
7.417934347477982415e-01,5.731884627532364814e-06,4.423715113051724379e-01
7.425940752602082640e-01,6.310447112788805761e-06,4.423715113051724379e-01
7.433947157726181754e-01,6.944736740097038266e-06,4.423715113051724379e-01
7.441953562850280868e-01,7.639842544849160120e-06,4.423715113051724379e-01
7.449959967974379982e-01,8.401290336040500905e-06,4.423715113051724379e-01
7.457966373098479096e-01,9.235077490253949982e-06,4.423715113051724379e-01
7.465972778222578210e-01,1.014771026918236803e-05,4.423715113051724379e-01
7.473979183346677324e-01,1.114624382185200560e-05,4.423715113051724379e-01
7.481985588470777548e-01,1.223832504115713042e-05,4.423715113051724379e-01
7.489991993594876662e-01,1.343223845305395637e-05,4.423715113051724379e-01
7.497998398718975777e-01,1.473695532578683531e-05,4.423715113051724379e-01
7.506004803843074891e-01,1.616218619583216840e-05,4.423715113051724379e-01
7.514011208967174005e-01,1.771843701683022704e-05,4.423715113051724379e-01
7.522017614091273119e-01,1.941706914763577867e-05,4.423715113051724379e-01
7.530024019215372233e-01,2.127036340573777482e-05,4.423715113051724379e-01
7.538030424339472457e-01,2.329158842265987894e-05,4.423715113051724379e-01
7.546036829463571571e-01,2.549507354856869986e-05,4.423715113051724379e-01
7.554043234587670685e-01,2.789628656413688647e-05,4.423715113051724379e-01
7.562049639711769800e-01,3.051191646872806893e-05,4.423715113051724379e-01
7.570056044835868914e-01,3.335996162518617441e-05,4.423715113051724379e-01
7.578062449959968028e-01,3.645982355288280164e-05,4.423715113051724379e-01
7.586068855084067142e-01,3.983240667215846002e-05,4.423715113051724379e-01
7.594075260208167366e-01,4.350022431490500278e-05,4.423715113051724379e-01
7.602081665332266480e-01,4.748751132770774927e-05,4.423715113051724379e-01
7.610088070456365594e-01,5.182034360566312316e-05,4.423715113051724379e-01
7.618094475580464708e-01,5.652676490669232085e-05,4.423715113051724379e-01
7.626100880704563822e-01,6.163692130782763979e-05,4.423715113051724379e-01
7.634107285828662937e-01,6.718320367649042459e-05,4.423715113051724379e-01
7.642113690952763161e-01,7.320039854121213453e-05,4.423715113051724379e-01
7.650120096076862275e-01,7.972584775746622329e-05,4.423715113051724379e-01
7.658126501200961389e-01,8.679961737522123811e-05,4.423715113051724379e-01
7.666132906325060503e-01,9.446467612546289086e-05,4.423715113051724379e-01
7.674139311449159617e-01,1.027670839532064342e-04,4.423715113051724379e-01
7.682145716573258731e-01,1.117561910342789637e-04,4.423715113051724379e-01
7.690152121697357845e-01,1.214848477224437059e-04,4.423715113051724379e-01
7.698158526821458070e-01,1.320096258820539368e-04,4.423715113051724379e-01
7.706164931945557184e-01,1.433910520693630728e-04,4.423715113051724379e-01
7.714171337069656298e-01,1.556938530327941020e-04,4.423715113051724379e-01
7.722177742193755412e-01,1.689872140086926574e-04,4.423715113051724379e-01
7.730184147317854526e-01,1.833450502944029338e-04,4.423715113051724379e-01
7.738190552441953640e-01,1.988462925846483766e-04,4.423715113051724379e-01
7.746196957566052754e-01,2.155751865602509125e-04,4.423715113051724379e-01
7.754203362690152979e-01,2.336216072198394245e-04,4.423715113051724379e-01
7.762209767814252093e-01,2.530813884454239369e-04,4.423715113051724379e-01
7.770216172938351207e-01,2.740566682915370790e-04,4.423715113051724379e-01
7.778222578062450321e-01,2.966562504844984455e-04,4.423715113051724379e-01
7.786228983186549435e-01,3.209959826136581096e-04,4.423715113051724379e-01
7.794235388310648549e-01,3.471991514897685045e-04,4.423715113051724379e-01
7.802241793434748773e-01,3.753968961366874885e-04,4.423715113051724379e-01
7.810248198558847887e-01,4.057286388717155153e-04,4.423715113051724379e-01
7.818254603682947002e-01,4.383425349164683641e-04,4.423715113051724379e-01
7.826261008807046116e-01,4.733959409641863331e-04,4.423715113051724379e-01
7.834267413931145230e-01,5.110559031108980821e-04,4.423715113051724379e-01
7.842273819055244344e-01,5.514996645366803492e-04,4.423715113051724379e-01
7.850280224179343458e-01,5.949151932984474579e-04,4.423715113051724379e-01
7.858286629303443682e-01,6.415017305688856027e-04,4.423715113051724379e-01
7.866293034427542796e-01,6.914703596251443526e-04,4.423715113051724379e-01
7.874299439551641910e-01,7.450445958568860123e-04,4.423715113051724379e-01
7.882305844675741024e-01,8.024609980257832844e-04,4.423715113051724379e-01
7.890312249799840139e-01,8.639698009673473737e-04,4.423715113051724379e-01
7.898318654923939253e-01,9.298355698805807175e-04,4.423715113051724379e-01
7.906325060048038367e-01,1.000337876302234133e-03,4.423715113051724379e-01
7.914331465172138591e-01,1.075771995809062702e-03,4.423715113051724379e-01
7.922337870296237705e-01,1.156449627434159248e-03,4.423715113051724379e-01
7.930344275420336819e-01,1.242699634721984711e-03,4.423715113051724379e-01
7.938350680544435933e-01,1.334868808280042628e-03,4.423715113051724379e-01
7.946357085668535047e-01,1.433322649615134583e-03,4.423715113051724379e-01
7.954363490792634162e-01,1.538446175966322197e-03,4.423715113051724379e-01
7.962369895916734386e-01,1.650644745767052219e-03,4.423715113051724379e-01
7.970376301040833500e-01,1.770344904284132034e-03,4.423715113051724379e-01
7.978382706164932614e-01,1.897995248891268466e-03,4.423715113051724379e-01
7.986389111289031728e-01,2.034067313341091001e-03,4.423715113051724379e-01
7.994395516413130842e-01,2.179056470300022846e-03,4.423715113051724379e-01
8.002401921537229956e-01,2.333482851306151445e-03,4.423715113051724379e-01
8.010408326661329070e-01,2.497892283201258706e-03,4.423715113051724379e-01
8.018414731785429295e-01,2.672857239974935160e-03,4.423715113051724379e-01
8.026421136909528409e-01,2.858977808840035273e-03,4.423715113051724379e-01
8.034427542033627523e-01,3.056882669234802907e-03,4.423715113051724379e-01
8.042433947157726637e-01,3.267230083320998412e-03,4.423715113051724379e-01
8.050440352281825751e-01,3.490708896414142053e-03,4.423715113051724379e-01
8.058446757405924865e-01,3.728039545646863462e-03,4.423715113051724379e-01
8.066453162530023979e-01,3.979975075025078343e-03,4.423715113051724379e-01
8.074459567654124204e-01,4.247302154893885587e-03,4.423715113051724379e-01
8.082465972778223318e-01,4.530842103682637331e-03,4.423715113051724379e-01
8.090472377902322432e-01,4.831451909648228765e-03,4.423715113051724379e-01
8.098478783026421546e-01,5.150025250181343439e-03,4.423715113051724379e-01
8.106485188150520660e-01,5.487493506086430113e-03,4.423715113051724379e-01
8.114491593274619774e-01,5.844826768086266479e-03,4.423715113051724379e-01
8.122497998398719998e-01,6.223034832644001174e-03,4.423715113051724379e-01
8.130504403522819112e-01,6.623168184032906559e-03,4.423715113051724379e-01
8.138510808646918226e-01,7.046318959423311830e-03,4.423715113051724379e-01
8.146517213771017341e-01,7.493621893593920003e-03,4.423715113051724379e-01
8.154523618895116455e-01,7.966255239712085462e-03,4.423715113051724379e-01
8.162530024019215569e-01,8.465441662465104239e-03,4.423715113051724379e-01
8.170536429143314683e-01,8.992449099665641640e-03,4.423715113051724379e-01
8.178542834267414907e-01,9.548591588296857779e-03,4.423715113051724379e-01
8.186549239391514021e-01,1.013523005079984725e-02,4.423715113051724379e-01
8.194555644515613135e-01,1.075377303726170186e-02,4.423715113051724379e-01
8.202562049639712249e-01,1.140567741900736475e-02,4.423715113051724379e-01
8.210568454763811364e-01,1.209244902895767991e-02,4.423715113051724379e-01
8.218574859887910478e-01,1.281564324397669111e-02,4.423715113051724379e-01
8.226581265012009592e-01,1.357686550430026520e-02,4.423715113051724379e-01
8.234587670136109816e-01,1.437777176501856859e-02,4.423715113051724379e-01
8.242594075260208930e-01,1.522006887446717728e-02,4.423715113051724379e-01
8.250600480384308044e-01,1.610551487428085043e-02,4.423715113051724379e-01
8.258606885508407158e-01,1.703591921577377044e-02,4.423715113051724379e-01
8.266613290632506272e-01,1.801314288723122881e-02,4.423715113051724379e-01
8.274619695756605386e-01,1.903909844662181675e-02,4.423715113051724379e-01
8.282626100880704501e-01,2.011574995419697712e-02,4.423715113051724379e-01
8.290632506004804725e-01,2.124511279939964373e-02,4.423715113051724379e-01
8.298638911128903839e-01,2.242925341648013132e-02,4.423715113051724379e-01
8.306645316253002953e-01,2.367028888320689417e-02,4.423715113051724379e-01
8.314651721377102067e-01,2.497038639707097399e-02,4.423715113051724379e-01
8.322658126501201181e-01,2.633176262340532550e-02,4.423715113051724379e-01
8.330664531625300295e-01,2.775668290988417622e-02,4.423715113051724379e-01
8.338670936749400520e-01,2.924746036193373241e-02,4.423715113051724379e-01
8.346677341873499634e-01,3.080645477366287036e-02,4.423715113051724379e-01
8.354683746997598748e-01,3.243607140904213038e-02,4.423715113051724379e-01
8.362690152121697862e-01,3.413875962815319381e-02,4.423715113051724379e-01
8.370696557245796976e-01,3.591701135353586594e-02,4.423715113051724379e-01
8.378702962369896090e-01,3.777335937178356168e-02,4.423715113051724379e-01
8.386709367493995204e-01,3.971037546576086652e-02,4.423715113051724379e-01
8.394715772618095428e-01,4.173066837304889587e-02,4.423715113051724379e-01
8.402722177742194543e-01,4.383688156645165757e-02,4.423715113051724379e-01
8.410728582866293657e-01,4.603169085270704397e-02,4.423715113051724379e-01
8.418734987990392771e-01,4.831780178581368546e-02,4.423715113051724379e-01
8.426741393114491885e-01,5.069794689173953012e-02,4.423715113051724379e-01
8.434747798238590999e-01,5.317488270163810149e-02,4.423715113051724379e-01
8.442754203362690113e-01,5.575138659105446926e-02,4.423715113051724379e-01
8.450760608486790337e-01,5.843025342305804837e-02,4.423715113051724379e-01
8.458767013610889451e-01,6.121429199363683654e-02,4.423715113051724379e-01
8.466773418734988566e-01,6.410632127817637860e-02,4.423715113051724379e-01
8.474779823859087680e-01,6.710916647833228832e-02,4.423715113051724379e-01
8.482786228983186794e-01,7.022565486911443167e-02,4.423715113051724379e-01
8.490792634107285908e-01,7.345861144657359065e-02,4.423715113051724379e-01
8.498799039231386132e-01,7.681085437698380314e-02,4.423715113051724379e-01
8.506805444355485246e-01,8.028519024908650770e-02,4.423715113051724379e-01
8.514811849479584360e-01,8.388440913150090050e-02,4.423715113051724379e-01
8.522818254603683474e-01,8.761127943809461638e-02,4.423715113051724379e-01
8.530824659727782588e-01,9.146854260473519238e-02,4.423715113051724379e-01
8.538831064851881703e-01,9.545890758149309929e-02,4.423715113051724379e-01
8.546837469975980817e-01,9.958504514512661610e-02,4.423715113051724379e-01
8.554843875100081041e-01,1.038495820373266376e-01,4.423715113051724379e-01
8.562850280224180155e-01,1.082550949349241481e-01,4.423715113051724379e-01
8.570856685348279269e-01,1.128041042590152282e-01,4.423715113051724379e-01
8.578863090472378383e-01,1.174990678306970376e-01,4.423715113051724379e-01
8.586869495596477497e-01,1.223423743818437132e-01,4.423715113051724379e-01
8.594875900720576611e-01,1.273363369301205028e-01,4.423715113051724379e-01
8.602882305844675725e-01,1.324831860281776297e-01,4.423715113051724379e-01
8.610888710968775950e-01,1.377850628977337899e-01,4.423715113051724379e-01
8.618895116092875064e-01,1.432440124600180553e-01,4.423715113051724379e-01
8.626901521216974178e-01,1.488619762747538378e-01,4.423715113051724379e-01
8.634907926341073292e-01,1.546407854006624227e-01,4.423715113051724379e-01
8.642914331465172406e-01,1.605821531911687805e-01,4.423715113051724379e-01
8.650920736589271520e-01,1.666876680397222366e-01,4.423715113051724379e-01
8.658927141713371745e-01,1.729587860897899565e-01,4.423715113051724379e-01
8.666933546837470859e-01,1.793968239253349306e-01,4.423715113051724379e-01
8.674939951961569973e-01,1.860029512582396793e-01,4.423715113051724379e-01
8.682946357085669087e-01,1.927781836296813822e-01,4.423715113051724379e-01
8.690952762209768201e-01,1.997233751431750637e-01,4.423715113051724379e-01
8.698959167333867315e-01,2.068392112475262445e-01,4.423715113051724379e-01
8.706965572457966429e-01,2.141262015883985681e-01,4.423715113051724379e-01
8.714971977582066653e-01,2.215846729478263832e-01,4.423715113051724379e-01
8.722978382706165768e-01,2.292147622913441318e-01,4.423715113051724379e-01
8.730984787830264882e-01,2.370164099428313798e-01,4.423715113051724379e-01
8.738991192954363996e-01,2.449893529075457821e-01,4.423715113051724379e-01
8.746997598078463110e-01,2.531331183641504778e-01,4.423715113051724379e-01
8.755004003202562224e-01,2.614470173466929004e-01,4.423715113051724379e-01
8.763010408326661338e-01,2.699301386377697676e-01,4.423715113051724379e-01
8.771016813450761562e-01,2.785813428942093273e-01,4.423715113051724379e-01
8.779023218574860676e-01,2.873992570267022151e-01,4.423715113051724379e-01
8.787029623698959790e-01,2.963822688547682049e-01,4.423715113051724379e-01
8.795036028823058905e-01,3.055285220584010863e-01,4.423715113051724379e-01
8.803042433947158019e-01,3.148359114476491638e-01,4.423715113051724379e-01
8.811048839071257133e-01,3.243020785710901133e-01,4.423715113051724379e-01
8.819055244195357357e-01,3.339244076839619213e-01,4.423715113051724379e-01
8.827061649319456471e-01,3.437000220963935537e-01,4.423715113051724379e-01
8.835068054443555585e-01,3.536257809216514780e-01,4.423715113051724379e-01
8.843074459567654699e-01,3.636982762439147643e-01,4.423715113051724379e-01
8.851080864691753813e-01,3.739138307244522230e-01,4.423715113051724379e-01
8.859087269815852927e-01,3.842684956645197603e-01,4.423715113051724379e-01
8.867093674939952042e-01,3.947580495424428682e-01,4.423715113051724379e-01
8.875100080064052266e-01,4.053779970416752643e-01,4.423715113051724379e-01
8.883106485188151380e-01,4.161235685856587985e-01,4.423715113051724379e-01
8.891112890312250494e-01,4.269897203944513775e-01,4.423715113051724379e-01
8.899119295436349608e-01,4.379711350769970868e-01,4.423715113051724379e-01
8.907125700560448722e-01,4.490622227718601422e-01,4.423715113051724379e-01
8.915132105684547836e-01,4.602571228480468735e-01,4.423715113051724379e-01
8.923138510808646950e-01,4.715497061764156173e-01,4.423715113051724379e-01
8.931144915932747175e-01,4.829335779807066298e-01,4.423715113051724379e-01
8.939151321056846289e-01,4.944020812760662742e-01,4.423715113051724379e-01
8.947157726180945403e-01,5.059483009014589250e-01,4.423715113051724379e-01
8.955164131305044517e-01,5.175650681507514284e-01,4.423715113051724379e-01
8.963170536429143631e-01,5.292449660061222527e-01,4.423715113051724379e-01
8.971176941553242745e-01,5.409803349754046531e-01,4.423715113051724379e-01
8.979183346677341859e-01,5.527632795336687721e-01,4.423715113051724379e-01
8.987189751801442084e-01,5.645856751677645891e-01,4.423715113051724379e-01
8.995196156925541198e-01,5.764391760206636350e-01,4.423715113051724379e-01
9.003202562049640312e-01,5.883152231308722557e-01,4.423715113051724379e-01
9.011208967173739426e-01,6.002050532603530053e-01,4.423715113051724379e-01
9.019215372297838540e-01,6.120997083028525410e-01,4.423715113051724379e-01
9.027221777421937654e-01,6.239900452625883887e-01,4.423715113051724379e-01
9.035228182546037878e-01,6.358667467915873894e-01,4.423715113051724379e-01
9.043234587670136992e-01,6.477203322722598910e-01,4.423715113051724379e-01
9.051240992794236107e-01,6.595411694298106697e-01,4.423715113051724379e-01
9.059247397918335221e-01,6.713194864577393117e-01,4.423715113051724379e-01
9.067253803042434335e-01,6.830453846375915683e-01,4.423715113051724379e-01
9.075260208166533449e-01,6.947088514327566244e-01,4.423715113051724379e-01
9.083266613290632563e-01,7.062997740342907838e-01,4.423715113051724379e-01
9.091273018414732787e-01,7.178079533349167596e-01,4.423715113051724379e-01
9.099279423538831901e-01,7.292231183061836930e-01,4.423715113051724379e-01
9.107285828662931015e-01,7.405349407520863680e-01,4.423715113051724379e-01
9.115292233787030129e-01,7.517330504109427380e-01,4.423715113051724379e-01
9.123298638911129244e-01,7.628070503760333576e-01,4.423715113051724379e-01
9.131305044035228358e-01,7.737465328040944446e-01,4.423715113051724379e-01
9.139311449159327472e-01,7.845410948792601591e-01,4.423715113051724379e-01
9.147317854283427696e-01,7.951803549991293130e-01,4.423715113051724379e-01
9.155324259407526810e-01,8.056539691485131716e-01,4.423715113051724379e-01
9.163330664531625924e-01,8.159516474257809682e-01,4.423715113051724379e-01
9.171337069655725038e-01,8.260631706858172496e-01,4.423715113051724379e-01
9.179343474779824152e-01,8.359784072623889228e-01,4.423715113051724379e-01
9.187349879903923267e-01,8.456873297317384353e-01,4.423715113051724379e-01
9.195356285028023491e-01,8.551800316782012246e-01,4.423715113051724379e-01
9.203362690152122605e-01,8.644467444225217845e-01,4.423715113051724379e-01
9.211369095276221719e-01,8.734778536744920441e-01,4.423715113051724379e-01
9.219375500400320833e-01,8.822639160718505069e-01,4.423715113051724379e-01
9.227381905524419947e-01,8.907956755673149818e-01,4.423715113051724379e-01
9.235388310648519061e-01,8.990640796240102484e-01,4.423715113051724379e-01
9.243394715772618175e-01,9.070602951771491451e-01,4.423715113051724379e-01
9.251401120896718400e-01,9.147757243187799592e-01,4.423715113051724379e-01
9.259407526020817514e-01,9.222020196643710976e-01,4.423715113051724379e-01
9.267413931144916628e-01,9.293310993651331398e-01,4.423715113051724379e-01
9.275420336269015742e-01,9.361551617362454669e-01,4.423715113051724379e-01
9.283426741393114856e-01,9.426666994734534955e-01,4.423715113051724379e-01
9.291433146517213970e-01,9.488585134250027142e-01,4.423715113051724379e-01
9.299439551641313084e-01,9.547237258749814437e-01,4.423715113051724379e-01
9.307445956765413309e-01,9.602557932826997211e-01,4.423715113051724379e-01
9.315452361889512423e-01,9.654485184226910821e-01,4.423715113051724379e-01
9.323458767013611537e-01,9.702960618873138765e-01,4.423715113051724379e-01
9.331465172137710651e-01,9.747929529456857978e-01,4.423715113051724379e-01
9.339471577261809765e-01,9.789340997836416536e-01,4.423715113051724379e-01
9.347477982385908879e-01,9.827147991573788044e-01,4.423715113051724379e-01
9.355484387510009103e-01,9.861307454621259794e-01,4.423715113051724379e-01
9.363490792634108217e-01,9.891780391489228830e-01,4.423715113051724379e-01
9.371497197758207331e-01,9.918531943460907607e-01,4.423715113051724379e-01
9.379503602882306446e-01,9.941531455030102604e-01,4.423715113051724379e-01
9.387510008006405560e-01,9.960752529178714676e-01,4.423715113051724379e-01
9.395516413130504674e-01,9.976173071569175432e-01,4.423715113051724379e-01
9.403522818254603788e-01,9.987775325902076284e-01,4.423715113051724379e-01
9.411529223378704012e-01,9.995545904693510231e-01,4.423715113051724379e-01
9.419535628502803126e-01,9.999475819956036293e-01,4.423715113051724379e-01
9.427542033626902240e-01,9.999560514427452418e-01,4.423715113051724379e-01
9.435548438751001354e-01,9.995799885209937230e-01,4.423715113051724379e-01
9.443554843875100469e-01,9.988198286466305476e-01,4.423715113051724379e-01
9.451561248999199583e-01,9.976764509258498892e-01,4.423715113051724379e-01
9.459567654123298697e-01,9.961511750551452771e-01,4.423715113051724379e-01
9.467574059247398921e-01,9.942457580729788802e-01,4.423715113051724379e-01
9.475580464371498035e-01,9.919623910355056529e-01,4.423715113051724379e-01
9.483586869495597149e-01,9.893036952758587077e-01,4.423715113051724379e-01
9.491593274619696263e-01,9.862727178962310548e-01,4.423715113051724379e-01
9.499599679743795377e-01,9.828729262910330666e-01,4.423715113051724379e-01
9.507606084867894491e-01,9.791082016607167704e-01,4.423715113051724379e-01
9.515612489991994716e-01,9.749828315845776583e-01,4.423715113051724379e-01
9.523618895116093830e-01,9.705015017625305829e-01,4.423715113051724379e-01
9.531625300240192944e-01,9.656692870266400108e-01,4.423715113051724379e-01
9.539631705364292058e-01,9.604916416893366504e-01,4.423715113051724379e-01
9.547638110488391172e-01,9.549743892609289242e-01,4.423715113051724379e-01
9.555644515612490286e-01,9.491237115477945130e-01,4.423715113051724379e-01
9.563650920736589400e-01,9.429461371379252999e-01,4.423715113051724379e-01
9.571657325860689625e-01,9.364485292873580002e-01,4.423715113051724379e-01
9.579663730984788739e-01,9.296380732316233964e-01,4.423715113051724379e-01
9.587670136108887853e-01,9.225222629554321596e-01,4.423715113051724379e-01
9.595676541232986967e-01,9.151088874596193801e-01,4.423715113051724379e-01
9.603682946357086081e-01,9.074060165647364062e-01,4.423715113051724379e-01
9.611689351481185195e-01,8.994219862901168261e-01,4.423715113051724379e-01
9.619695756605284309e-01,8.911653838458348798e-01,4.423715113051724379e-01
9.627702161729384533e-01,8.826450322745592603e-01,4.423715113051724379e-01
9.635708566853483648e-01,8.738699747803571061e-01,4.423715113051724379e-01
9.643714971977582762e-01,8.648494587828284841e-01,4.423715113051724379e-01
9.651721377101681876e-01,8.555929197354804616e-01,4.423715113051724379e-01
9.659727782225780990e-01,8.461099647480744279e-01,4.423715113051724379e-01
9.667734187349880104e-01,8.364103560526811032e-01,4.423715113051724379e-01
9.675740592473979218e-01,8.265039943533435407e-01,4.423715113051724379e-01
9.683746997598079442e-01,8.164009020988188814e-01,4.423715113051724379e-01
9.691753402722178556e-01,8.061112067176130491e-01,4.423715113051724379e-01
9.699759807846277671e-01,7.956451238541503157e-01,4.423715113051724379e-01
9.707766212970376785e-01,7.850129406446224589e-01,4.423715113051724379e-01
9.715772618094475899e-01,7.742249990699340279e-01,4.423715113051724379e-01
9.723779023218575013e-01,7.632916794232893487e-01,4.423715113051724379e-01
9.731785428342675237e-01,7.522233839287090218e-01,4.423715113051724379e-01
9.739791833466774351e-01,7.410305205457169420e-01,4.423715113051724379e-01
9.747798238590873465e-01,7.297234869949682512e-01,4.423715113051724379e-01
9.755804643714972579e-01,7.183126550379098640e-01,4.423715113051724379e-01
9.763811048839071693e-01,7.068083550429444806e-01,4.423715113051724379e-01
9.771817453963170808e-01,6.952208608688625890e-01,4.423715113051724379e-01
9.779823859087269922e-01,6.835603750952781166e-01,4.423715113051724379e-01
9.787830264211370146e-01,6.718370146283001443e-01,4.423715113051724379e-01
9.795836669335469260e-01,6.600607967081126848e-01,4.423715113051724379e-01
9.803843074459568374e-01,6.482416253439200471e-01,4.423715113051724379e-01
9.811849479583667488e-01,6.363892781997573245e-01,4.423715113051724379e-01
9.819855884707766602e-01,6.245133939533807910e-01,4.423715113051724379e-01
9.827862289831865716e-01,6.126234601486656439e-01,4.423715113051724379e-01
9.835868694955964830e-01,6.007288015601309761e-01,4.423715113051724379e-01
9.843875100080065055e-01,5.888385690867894429e-01,4.423715113051724379e-01
9.851881505204164169e-01,5.769617291905205780e-01,4.423715113051724379e-01
9.859887910328263283e-01,5.651070538924478637e-01,4.423715113051724379e-01
9.867894315452362397e-01,5.532831113392894240e-01,4.423715113051724379e-01
9.875900720576461511e-01,5.414982569497167608e-01,4.423715113051724379e-01
9.883907125700560625e-01,5.297606251488942153e-01,4.423715113051724379e-01
9.891913530824660850e-01,5.180781216977619064e-01,4.423715113051724379e-01
9.899919935948759964e-01,5.064584166221178796e-01,4.423715113051724379e-01
9.907926341072859078e-01,4.949089377443345872e-01,4.423715113051724379e-01
9.915932746196958192e-01,4.834368648193863582e-01,4.423715113051724379e-01
9.923939151321057306e-01,4.720491242749704774e-01,4.423715113051724379e-01
9.931945556445156420e-01,4.607523845538675222e-01,4.423715113051724379e-01
9.939951961569255534e-01,4.495530520553395748e-01,4.423715113051724379e-01
9.947958366693355758e-01,4.384572676705532635e-01,4.423715113051724379e-01
9.955964771817454873e-01,4.274709039058058324e-01,4.423715113051724379e-01
9.963971176941553987e-01,4.165995625857906171e-01,4.423715113051724379e-01
9.971977582065653101e-01,4.058485731278604347e-01,4.423715113051724379e-01
9.979983987189752215e-01,3.952229913768629532e-01,4.423715113051724379e-01
9.987990392313851329e-01,3.847275989889880066e-01,4.423715113051724379e-01
9.995996797437950443e-01,3.743669033518390310e-01,4.423715113051724379e-01
