x, rho, v, P, time
-4.997499999999999609e+00,3.857143000000000210e+00,2.629369000000000067e+00,1.033329999999999949e+01,2.105719157007619469e-01
-4.992499999999999716e+00,3.857143000000000210e+00,2.629369000000000067e+00,1.033329999999999949e+01,2.105719157007619469e-01
-4.987499999999999822e+00,3.857143000000000210e+00,2.629369000000000067e+00,1.033329999999999949e+01,2.105719157007619469e-01
-4.982499999999999929e+00,3.857143000000000210e+00,2.629369000000000067e+00,1.033329999999999949e+01,2.105719157007619469e-01
-4.977500000000000036e+00,3.857143000000000210e+00,2.629369000000000067e+00,1.033329999999999949e+01,2.105719157007619469e-01
-4.972499999999999254e+00,3.857143000000000210e+00,2.629369000000000067e+00,1.033329999999999949e+01,2.105719157007619469e-01
-4.967499999999999361e+00,3.857143000000000210e+00,2.629369000000000067e+00,1.033329999999999949e+01,2.105719157007619469e-01
-4.962499999999999467e+00,3.857143000000000210e+00,2.629369000000000067e+00,1.033329999999999949e+01,2.105719157007619469e-01
-4.957499999999999574e+00,3.857143000000000210e+00,2.629369000000000067e+00,1.033329999999999949e+01,2.105719157007619469e-01
-4.952499999999999680e+00,3.857143000000000210e+00,2.629369000000000067e+00,1.033329999999999949e+01,2.105719157007619469e-01
-4.947499999999999787e+00,3.857143000000000210e+00,2.629369000000000067e+00,1.033329999999999949e+01,2.105719157007619469e-01
-4.942499999999999893e+00,3.857143000000000210e+00,2.629369000000000067e+00,1.033329999999999949e+01,2.105719157007619469e-01
-4.937500000000000000e+00,3.857143000000000210e+00,2.629369000000000067e+00,1.033329999999999949e+01,2.105719157007619469e-01
-4.932499999999999218e+00,3.857143000000000210e+00,2.629369000000000067e+00,1.033329999999999949e+01,2.105719157007619469e-01
-4.927499999999999325e+00,3.857143000000000210e+00,2.629369000000000067e+00,1.033329999999999949e+01,2.105719157007619469e-01
-4.922499999999999432e+00,3.857143000000000210e+00,2.629369000000000067e+00,1.033329999999999949e+01,2.105719157007619469e-01
-4.917499999999999538e+00,3.857143000000000210e+00,2.629369000000000067e+00,1.033329999999999949e+01,2.105719157007619469e-01
-4.912499999999999645e+00,3.857143000000000210e+00,2.629369000000000067e+00,1.033329999999999949e+01,2.105719157007619469e-01
-4.907499999999999751e+00,3.857143000000000210e+00,2.629369000000000067e+00,1.033329999999999949e+01,2.105719157007619469e-01
-4.902499999999999858e+00,3.857143000000000210e+00,2.629369000000000067e+00,1.033329999999999949e+01,2.105719157007619469e-01
-4.897499999999999964e+00,3.857143000000000210e+00,2.629369000000000067e+00,1.033329999999999949e+01,2.105719157007619469e-01
-4.892500000000000071e+00,3.857143000000000210e+00,2.629369000000000067e+00,1.033329999999999949e+01,2.105719157007619469e-01
-4.887499999999999289e+00,3.857143000000000210e+00,2.629369000000000067e+00,1.033329999999999949e+01,2.105719157007619469e-01
-4.882499999999999396e+00,3.857143000000000210e+00,2.629369000000000067e+00,1.033329999999999949e+01,2.105719157007619469e-01
-4.877499999999999503e+00,3.857143000000000210e+00,2.629369000000000067e+00,1.033329999999999949e+01,2.105719157007619469e-01
-4.872499999999999609e+00,3.857143000000000210e+00,2.629369000000000067e+00,1.033329999999999949e+01,2.105719157007619469e-01
-4.867499999999999716e+00,3.857143000000000210e+00,2.629369000000000067e+00,1.033329999999999949e+01,2.105719157007619469e-01
-4.862499999999999822e+00,3.857143000000000210e+00,2.629369000000000067e+00,1.033329999999999949e+01,2.105719157007619469e-01
-4.857499999999999929e+00,3.857143000000000210e+00,2.629369000000000067e+00,1.033329999999999949e+01,2.105719157007619469e-01
-4.852500000000000036e+00,3.857143000000000210e+00,2.629369000000000067e+00,1.033329999999999949e+01,2.105719157007619469e-01
-4.847499999999999254e+00,3.857143000000000210e+00,2.629369000000000067e+00,1.033329999999999949e+01,2.105719157007619469e-01
-4.842499999999999361e+00,3.857143000000000210e+00,2.629369000000000067e+00,1.033329999999999949e+01,2.105719157007619469e-01
-4.837499999999999467e+00,3.857143000000000210e+00,2.629369000000000067e+00,1.033329999999999949e+01,2.105719157007619469e-01
-4.832499999999999574e+00,3.857143000000000210e+00,2.629369000000000067e+00,1.033329999999999949e+01,2.105719157007619469e-01
-4.827499999999999680e+00,3.857143000000000210e+00,2.629369000000000067e+00,1.033329999999999949e+01,2.105719157007619469e-01
-4.822499999999999787e+00,3.857143000000000210e+00,2.629369000000000067e+00,1.033329999999999949e+01,2.105719157007619469e-01
-4.817499999999999893e+00,3.857143000000000210e+00,2.629369000000000067e+00,1.033329999999999949e+01,2.105719157007619469e-01
-4.812500000000000000e+00,3.857143000000000210e+00,2.629369000000000067e+00,1.033329999999999949e+01,2.105719157007619469e-01
-4.807499999999999218e+00,3.857143000000000210e+00,2.629369000000000067e+00,1.033329999999999949e+01,2.105719157007619469e-01
-4.802499999999999325e+00,3.857143000000000210e+00,2.629369000000000067e+00,1.033329999999999949e+01,2.105719157007619469e-01
-4.797499999999999432e+00,3.857143000000000210e+00,2.629369000000000067e+00,1.033329999999999949e+01,2.105719157007619469e-01
-4.792499999999999538e+00,3.857143000000000210e+00,2.629369000000000067e+00,1.033329999999999949e+01,2.105719157007619469e-01
-4.787499999999999645e+00,3.857143000000000210e+00,2.629369000000000067e+00,1.033329999999999949e+01,2.105719157007619469e-01
-4.782499999999999751e+00,3.857143000000000210e+00,2.629369000000000067e+00,1.033329999999999949e+01,2.105719157007619469e-01
-4.777499999999999858e+00,3.857143000000000210e+00,2.629369000000000067e+00,1.033329999999999949e+01,2.105719157007619469e-01
-4.772499999999999964e+00,3.857143000000000210e+00,2.629369000000000067e+00,1.033329999999999949e+01,2.105719157007619469e-01
-4.767500000000000071e+00,3.857143000000000210e+00,2.629369000000000067e+00,1.033329999999999949e+01,2.105719157007619469e-01
-4.762499999999999289e+00,3.857143000000000210e+00,2.629369000000000067e+00,1.033329999999999949e+01,2.105719157007619469e-01
-4.757499999999999396e+00,3.857143000000000210e+00,2.629369000000000067e+00,1.033329999999999949e+01,2.105719157007619469e-01
-4.752499999999999503e+00,3.857143000000000210e+00,2.629369000000000067e+00,1.033329999999999949e+01,2.105719157007619469e-01
-4.747499999999999609e+00,3.857143000000000210e+00,2.629369000000000067e+00,1.033329999999999949e+01,2.105719157007619469e-01
-4.742499999999999716e+00,3.857143000000000210e+00,2.629369000000000067e+00,1.033329999999999949e+01,2.105719157007619469e-01
-4.737499999999999822e+00,3.857143000000000210e+00,2.629369000000000067e+00,1.033329999999999949e+01,2.105719157007619469e-01
-4.732499999999999929e+00,3.857143000000000210e+00,2.629369000000000067e+00,1.033329999999999949e+01,2.105719157007619469e-01
-4.727500000000000036e+00,3.857143000000000210e+00,2.629369000000000067e+00,1.033329999999999949e+01,2.105719157007619469e-01
-4.722499999999999254e+00,3.857143000000000210e+00,2.629369000000000067e+00,1.033329999999999949e+01,2.105719157007619469e-01
-4.717499999999999361e+00,3.857143000000000210e+00,2.629369000000000067e+00,1.033329999999999949e+01,2.105719157007619469e-01
-4.712499999999999467e+00,3.857143000000000210e+00,2.629369000000000067e+00,1.033329999999999949e+01,2.105719157007619469e-01
-4.707499999999999574e+00,3.857143000000000210e+00,2.629369000000000067e+00,1.033329999999999949e+01,2.105719157007619469e-01
-4.702499999999999680e+00,3.857143000000000210e+00,2.629369000000000067e+00,1.033329999999999949e+01,2.105719157007619469e-01
-4.697499999999999787e+00,3.857143000000000210e+00,2.629369000000000067e+00,1.033329999999999949e+01,2.105719157007619469e-01
-4.692499999999999893e+00,3.857143000000000210e+00,2.629369000000000067e+00,1.033329999999999949e+01,2.105719157007619469e-01
-4.687500000000000000e+00,3.857143000000000210e+00,2.629369000000000067e+00,1.033329999999999949e+01,2.105719157007619469e-01
-4.682499999999999218e+00,3.857143000000000210e+00,2.629369000000000067e+00,1.033329999999999949e+01,2.105719157007619469e-01
-4.677499999999999325e+00,3.857143000000000210e+00,2.629369000000000067e+00,1.033329999999999949e+01,2.105719157007619469e-01
-4.672499999999999432e+00,3.857143000000000210e+00,2.629369000000000067e+00,1.033329999999999949e+01,2.105719157007619469e-01
-4.667499999999999538e+00,3.857143000000000210e+00,2.629369000000000067e+00,1.033329999999999949e+01,2.105719157007619469e-01
-4.662499999999999645e+00,3.857143000000000210e+00,2.629369000000000067e+00,1.033329999999999949e+01,2.105719157007619469e-01
-4.657499999999999751e+00,3.857143000000000210e+00,2.629369000000000067e+00,1.033329999999999949e+01,2.105719157007619469e-01
-4.652499999999999858e+00,3.857143000000000210e+00,2.629369000000000067e+00,1.033329999999999949e+01,2.105719157007619469e-01
-4.647499999999999964e+00,3.857143000000000210e+00,2.629369000000000067e+00,1.033329999999999949e+01,2.105719157007619469e-01
-4.642500000000000071e+00,3.857143000000000210e+00,2.629369000000000067e+00,1.033329999999999949e+01,2.105719157007619469e-01
-4.637499999999999289e+00,3.857143000000000210e+00,2.629369000000000067e+00,1.033329999999999949e+01,2.105719157007619469e-01
-4.632499999999999396e+00,3.857143000000000210e+00,2.629369000000000067e+00,1.033329999999999949e+01,2.105719157007619469e-01
-4.627499999999999503e+00,3.857143000000000210e+00,2.629369000000000067e+00,1.033329999999999949e+01,2.105719157007619469e-01
-4.622499999999999609e+00,3.857143000000000210e+00,2.629369000000000067e+00,1.033329999999999949e+01,2.105719157007619469e-01
-4.617499999999999716e+00,3.857143000000000210e+00,2.629369000000000067e+00,1.033329999999999949e+01,2.105719157007619469e-01
-4.612499999999999822e+00,3.857143000000000210e+00,2.629369000000000067e+00,1.033329999999999949e+01,2.105719157007619469e-01
-4.607499999999999929e+00,3.857143000000000210e+00,2.629369000000000067e+00,1.033329999999999949e+01,2.105719157007619469e-01
-4.602500000000000036e+00,3.857143000000000210e+00,2.629369000000000067e+00,1.033329999999999949e+01,2.105719157007619469e-01
-4.597500000000000142e+00,3.857143000000000210e+00,2.629369000000000067e+00,1.033329999999999949e+01,2.105719157007619469e-01
-4.592499999999999361e+00,3.857143000000000210e+00,2.629369000000000067e+00,1.033329999999999949e+01,2.105719157007619469e-01
-4.587499999999999467e+00,3.857143000000000210e+00,2.629369000000000067e+00,1.033329999999999949e+01,2.105719157007619469e-01
-4.582499999999999574e+00,3.857143000000000210e+00,2.629369000000000067e+00,1.033329999999999949e+01,2.105719157007619469e-01
-4.577499999999999680e+00,3.857143000000000210e+00,2.629369000000000067e+00,1.033329999999999949e+01,2.105719157007619469e-01
-4.572499999999999787e+00,3.857143000000000210e+00,2.629369000000000067e+00,1.033329999999999949e+01,2.105719157007619469e-01
-4.567499999999999893e+00,3.857143000000000210e+00,2.629369000000000067e+00,1.033329999999999949e+01,2.105719157007619469e-01
-4.562500000000000000e+00,3.857143000000000210e+00,2.629369000000000067e+00,1.033329999999999949e+01,2.105719157007619469e-01
-4.557499999999999218e+00,3.857143000000000210e+00,2.629369000000000067e+00,1.033329999999999949e+01,2.105719157007619469e-01
-4.552499999999999325e+00,3.857143000000000210e+00,2.629369000000000067e+00,1.033329999999999949e+01,2.105719157007619469e-01
-4.547499999999999432e+00,3.857143000000000210e+00,2.629369000000000067e+00,1.033329999999999949e+01,2.105719157007619469e-01
-4.542499999999999538e+00,3.857143000000000210e+00,2.629369000000000067e+00,1.033329999999999949e+01,2.105719157007619469e-01
-4.537499999999999645e+00,3.857143000000000210e+00,2.629369000000000067e+00,1.033329999999999949e+01,2.105719157007619469e-01
-4.532499999999999751e+00,3.857143000000000210e+00,2.629369000000000067e+00,1.033329999999999949e+01,2.105719157007619469e-01
-4.527499999999999858e+00,3.857143000000000210e+00,2.629369000000000067e+00,1.033329999999999949e+01,2.105719157007619469e-01
-4.522499999999999964e+00,3.857143000000000210e+00,2.629369000000000067e+00,1.033329999999999949e+01,2.105719157007619469e-01
-4.517500000000000071e+00,3.857143000000000210e+00,2.629369000000000067e+00,1.033329999999999949e+01,2.105719157007619469e-01
-4.512499999999999289e+00,3.857143000000000210e+00,2.629369000000000067e+00,1.033329999999999949e+01,2.105719157007619469e-01
-4.507499999999999396e+00,3.857143000000000210e+00,2.629369000000000067e+00,1.033329999999999949e+01,2.105719157007619469e-01
-4.502499999999999503e+00,3.857143000000000210e+00,2.629369000000000067e+00,1.033329999999999949e+01,2.105719157007619469e-01
-4.497499999999999609e+00,3.857143000000000210e+00,2.629369000000000067e+00,1.033329999999999949e+01,2.105719157007619469e-01
-4.492499999999999716e+00,3.857143000000000210e+00,2.629369000000000067e+00,1.033329999999999949e+01,2.105719157007619469e-01
-4.487499999999999822e+00,3.857143000000000210e+00,2.629369000000000067e+00,1.033329999999999949e+01,2.105719157007619469e-01
-4.482499999999999929e+00,3.857143000000000210e+00,2.629369000000000067e+00,1.033329999999999949e+01,2.105719157007619469e-01
-4.477500000000000036e+00,3.857143000000000210e+00,2.629369000000000067e+00,1.033329999999999949e+01,2.105719157007619469e-01
-4.472500000000000142e+00,3.857143000000000210e+00,2.629369000000000067e+00,1.033329999999999949e+01,2.105719157007619469e-01
-4.467499999999999361e+00,3.857143000000000210e+00,2.629369000000000067e+00,1.033329999999999949e+01,2.105719157007619469e-01
-4.462499999999999467e+00,3.857143000000000210e+00,2.629369000000000067e+00,1.033329999999999949e+01,2.105719157007619469e-01
-4.457499999999999574e+00,3.857143000000000210e+00,2.629369000000000067e+00,1.033329999999999949e+01,2.105719157007619469e-01
-4.452499999999999680e+00,3.857143000000000210e+00,2.629369000000000067e+00,1.033329999999999949e+01,2.105719157007619469e-01
-4.447499999999999787e+00,3.857143000000000210e+00,2.629369000000000067e+00,1.033329999999999949e+01,2.105719157007619469e-01
-4.442499999999999893e+00,3.857143000000000210e+00,2.629369000000000067e+00,1.033329999999999949e+01,2.105719157007619469e-01
-4.437500000000000000e+00,3.857143000000000210e+00,2.629369000000000067e+00,1.033329999999999949e+01,2.105719157007619469e-01
-4.432499999999999218e+00,3.857143000000000210e+00,2.629369000000000067e+00,1.033329999999999949e+01,2.105719157007619469e-01
-4.427499999999999325e+00,3.857143000000000210e+00,2.629369000000000067e+00,1.033329999999999949e+01,2.105719157007619469e-01
-4.422499999999999432e+00,3.857143000000000210e+00,2.629369000000000067e+00,1.033329999999999949e+01,2.105719157007619469e-01
-4.417499999999999538e+00,3.857143000000000210e+00,2.629369000000000067e+00,1.033329999999999949e+01,2.105719157007619469e-01
-4.412499999999999645e+00,3.857143000000000210e+00,2.629369000000000067e+00,1.033329999999999949e+01,2.105719157007619469e-01
-4.407499999999999751e+00,3.857143000000000210e+00,2.629369000000000067e+00,1.033329999999999949e+01,2.105719157007619469e-01
-4.402499999999999858e+00,3.857143000000000210e+00,2.629369000000000067e+00,1.033329999999999949e+01,2.105719157007619469e-01
-4.397499999999999964e+00,3.857143000000000210e+00,2.629369000000000067e+00,1.033329999999999949e+01,2.105719157007619469e-01
-4.392500000000000071e+00,3.857143000000000210e+00,2.629369000000000067e+00,1.033329999999999949e+01,2.105719157007619469e-01
-4.387499999999999289e+00,3.857143000000000210e+00,2.629369000000000067e+00,1.033329999999999949e+01,2.105719157007619469e-01
-4.382499999999999396e+00,3.857143000000000210e+00,2.629369000000000067e+00,1.033329999999999949e+01,2.105719157007619469e-01
-4.377499999999999503e+00,3.857143000000000210e+00,2.629369000000000067e+00,1.033329999999999949e+01,2.105719157007619469e-01
-4.372499999999999609e+00,3.857143000000000210e+00,2.629369000000000067e+00,1.033329999999999949e+01,2.105719157007619469e-01
-4.367499999999999716e+00,3.857143000000000210e+00,2.629369000000000067e+00,1.033329999999999949e+01,2.105719157007619469e-01
-4.362499999999999822e+00,3.857143000000000210e+00,2.629369000000000067e+00,1.033329999999999949e+01,2.105719157007619469e-01
-4.357499999999999929e+00,3.857143000000000210e+00,2.629369000000000067e+00,1.033329999999999949e+01,2.105719157007619469e-01
-4.352500000000000036e+00,3.857143000000000210e+00,2.629369000000000067e+00,1.033329999999999949e+01,2.105719157007619469e-01
-4.347500000000000142e+00,3.857143000000000210e+00,2.629369000000000067e+00,1.033329999999999949e+01,2.105719157007619469e-01
-4.342499999999999361e+00,3.857143000000000210e+00,2.629369000000000067e+00,1.033329999999999949e+01,2.105719157007619469e-01
-4.337499999999999467e+00,3.857143000000000210e+00,2.629369000000000067e+00,1.033329999999999949e+01,2.105719157007619469e-01
-4.332499999999999574e+00,3.857143000000000210e+00,2.629369000000000067e+00,1.033329999999999949e+01,2.105719157007619469e-01
-4.327499999999999680e+00,3.857143000000000210e+00,2.629369000000000067e+00,1.033329999999999949e+01,2.105719157007619469e-01
-4.322499999999999787e+00,3.857143000000000210e+00,2.629369000000000067e+00,1.033329999999999949e+01,2.105719157007619469e-01
-4.317499999999999893e+00,3.857143000000000210e+00,2.629369000000000067e+00,1.033329999999999949e+01,2.105719157007619469e-01
-4.312500000000000000e+00,3.857143000000000210e+00,2.629369000000000067e+00,1.033329999999999949e+01,2.105719157007619469e-01
-4.307499999999999218e+00,3.857143000000000210e+00,2.629369000000000067e+00,1.033329999999999949e+01,2.105719157007619469e-01
-4.302500000000000213e+00,3.857143000000000210e+00,2.629369000000000067e+00,1.033329999999999949e+01,2.105719157007619469e-01
-4.297499999999999432e+00,3.857143000000000210e+00,2.629369000000000067e+00,1.033329999999999949e+01,2.105719157007619469e-01
-4.292499999999999538e+00,3.857143000000000210e+00,2.629369000000000067e+00,1.033329999999999949e+01,2.105719157007619469e-01
-4.287499999999999645e+00,3.857143000000000210e+00,2.629369000000000067e+00,1.033329999999999949e+01,2.105719157007619469e-01
-4.282499999999999751e+00,3.857143000000000210e+00,2.629369000000000067e+00,1.033329999999999949e+01,2.105719157007619469e-01
-4.277499999999999858e+00,3.857143000000000210e+00,2.629369000000000067e+00,1.033329999999999949e+01,2.105719157007619469e-01
-4.272499999999999964e+00,3.857143000000000210e+00,2.629369000000000067e+00,1.033329999999999949e+01,2.105719157007619469e-01
-4.267500000000000071e+00,3.857143000000000210e+00,2.629369000000000067e+00,1.033329999999999949e+01,2.105719157007619469e-01
-4.262499999999999289e+00,3.857143000000000210e+00,2.629369000000000067e+00,1.033329999999999949e+01,2.105719157007619469e-01
-4.257499999999999396e+00,3.857143000000000210e+00,2.629369000000000067e+00,1.033329999999999949e+01,2.105719157007619469e-01
-4.252499999999999503e+00,3.857143000000000210e+00,2.629369000000000067e+00,1.033329999999999949e+01,2.105719157007619469e-01
-4.247499999999999609e+00,3.857143000000000210e+00,2.629369000000000067e+00,1.033329999999999949e+01,2.105719157007619469e-01
-4.242499999999999716e+00,3.857143000000000210e+00,2.629369000000000067e+00,1.033329999999999949e+01,2.105719157007619469e-01
-4.237499999999999822e+00,3.857143000000000210e+00,2.629369000000000067e+00,1.033329999999999949e+01,2.105719157007619469e-01
-4.232499999999999929e+00,3.857143000000000210e+00,2.629369000000000067e+00,1.033329999999999949e+01,2.105719157007619469e-01
-4.227500000000000036e+00,3.857142999999995769e+00,2.629369000000000955e+00,1.033329999999999593e+01,2.105719157007619469e-01
-4.222500000000000142e+00,3.857142999999993105e+00,2.629369000000001844e+00,1.033330000000000126e+01,2.105719157007619469e-01
-4.217499999999999361e+00,3.857142999999992217e+00,2.629369000000003620e+00,1.033329999999999416e+01,2.105719157007619469e-01
-4.212499999999999467e+00,3.857142999999998434e+00,2.629369000000000511e+00,1.033330000000001192e+01,2.105719157007619469e-01
-4.207499999999999574e+00,3.857143000000003763e+00,2.629368999999998735e+00,1.033330000000002258e+01,2.105719157007619469e-01
-4.202499999999999680e+00,3.857143000000019750e+00,2.629368999999990297e+00,1.033330000000007765e+01,2.105719157007619469e-01
-4.197499999999999787e+00,3.857143000000029076e+00,2.629368999999984968e+00,1.033330000000010607e+01,2.105719157007619469e-01
-4.192499999999999893e+00,3.857143000000022415e+00,2.629368999999988077e+00,1.033330000000007232e+01,2.105719157007619469e-01
-4.187500000000000000e+00,3.857143000000015309e+00,2.629368999999990297e+00,1.033330000000004389e+01,2.105719157007619469e-01
-4.182500000000000107e+00,3.857142999999987776e+00,2.629369000000001844e+00,1.033329999999996041e+01,2.105719157007619469e-01
-4.177500000000000213e+00,3.857142999999984223e+00,2.629369000000004064e+00,1.033329999999994264e+01,2.105719157007619469e-01
-4.172499999999999432e+00,3.857142999999972677e+00,2.629369000000008061e+00,1.033329999999990534e+01,2.105719157007619469e-01
-4.167499999999999538e+00,3.857142999999929156e+00,2.629369000000028045e+00,1.033329999999975612e+01,2.105719157007619469e-01
-4.162499999999999645e+00,3.857143000000013089e+00,2.629368999999986745e+00,1.033330000000007409e+01,2.105719157007619469e-01
-4.157499999999999751e+00,3.857142999999949140e+00,2.629369000000018275e+00,1.033329999999985027e+01,2.105719157007619469e-01
-4.152499999999999858e+00,3.857142999999994437e+00,2.629368999999994738e+00,1.033330000000001725e+01,2.105719157007619469e-01
-4.147499999999999964e+00,3.857143000000065935e+00,2.629368999999960987e+00,1.033330000000027837e+01,2.105719157007619469e-01
-4.142500000000000071e+00,3.857142999999767063e+00,2.629369000000116863e+00,1.033329999999914151e+01,2.105719157007619469e-01
-4.137499999999999289e+00,3.857143000000258226e+00,2.629368999999874834e+00,1.033330000000096405e+01,2.105719157007619469e-01
-4.132499999999999396e+00,3.857142999999883859e+00,2.629369000000062684e+00,1.033329999999956250e+01,2.105719157007619469e-01
-4.127499999999999503e+00,3.857142999999615185e+00,2.629369000000201240e+00,1.033329999999854820e+01,2.105719157007619469e-01
-4.122499999999999609e+00,3.857143000001014954e+00,2.629368999999498691e+00,1.033330000000378668e+01,2.105719157007619469e-01
-4.117499999999999716e+00,3.857142999998831367e+00,2.629369000000589818e+00,1.033329999999562610e+01,2.105719157007619469e-01
-4.112499999999999822e+00,3.857143000000124111e+00,2.629368999999943224e+00,1.033330000000046134e+01,2.105719157007619469e-01
-4.107499999999999929e+00,3.857143000002325905e+00,2.629368999998833445e+00,1.033330000000874094e+01,2.105719157007619469e-01
-4.102500000000000036e+00,3.857142999995320398e+00,2.629369000002350187e+00,1.033329999998247040e+01,2.105719157007619469e-01
-4.097500000000000142e+00,3.857143000003597333e+00,2.629368999998195289e+00,1.033330000001347315e+01,2.105719157007619469e-01
-4.092499999999999361e+00,3.857143000003578681e+00,2.629368999998201950e+00,1.033330000001344473e+01,2.105719157007619469e-01
-4.087499999999999467e+00,3.857142999985905707e+00,2.629369000007093060e+00,1.033329999994698412e+01,2.105719157007619469e-01
-4.082499999999999574e+00,3.857143000016606926e+00,2.629368999991650746e+00,1.033330000006244020e+01,2.105719157007619469e-01
-4.077499999999999680e+00,3.857143000002368982e+00,2.629368999998843659e+00,1.033330000000856685e+01,2.105719157007619469e-01
-4.072499999999999787e+00,3.857142999960622820e+00,2.629369000019745606e+00,1.033329999985266312e+01,2.105719157007619469e-01
-4.067499999999999893e+00,3.857143000057458249e+00,2.629368999971174237e+00,1.033330000021515538e+01,2.105719157007619469e-01
-4.062500000000000000e+00,3.857142999995548216e+00,2.629369000002259149e+00,1.033329999998335325e+01,2.105719157007619469e-01
-4.057500000000000107e+00,3.857142999883216294e+00,2.629369000058519035e+00,1.033329999956269063e+01,2.105719157007619469e-01
-4.052500000000000213e+00,3.857143000182001291e+00,2.629368999908927140e+00,1.033330000068037080e+01,2.105719157007619469e-01
-4.047499999999999432e+00,3.857142999986947540e+00,2.629369000005973955e+00,1.033329999995584103e+01,2.105719157007619469e-01
-4.042499999999999538e+00,3.857142999638599967e+00,2.629369000182400828e+00,1.033329999863598658e+01,2.105719157007619469e-01
-4.037499999999999645e+00,3.857143000495044216e+00,2.629368999750222535e+00,1.033330000186951558e+01,2.105719157007619469e-01
-4.032499999999999751e+00,3.857143000146440848e+00,2.629368999927583772e+00,1.033330000053319431e+01,2.105719157007619469e-01
-4.027499999999999858e+00,3.857142998761287078e+00,2.629369000622032715e+00,1.033329999536837640e+01,2.105719157007619469e-01
-4.022499999999999964e+00,3.857143001166166485e+00,2.629368999411036523e+00,1.033330000437261020e+01,2.105719157007619469e-01
-4.017500000000000071e+00,3.857143001267127058e+00,2.629368999374421367e+00,1.033330000471911347e+01,2.105719157007619469e-01
-4.012499999999999289e+00,3.857142996214645958e+00,2.629369001876959988e+00,1.033329998590432552e+01,2.105719157007619469e-01
-4.007499999999999396e+00,3.857143001232448576e+00,2.629368999425462317e+00,1.033330000440742324e+01,2.105719157007619469e-01
-4.002499999999999503e+00,3.857143006596171375e+00,2.629368996615627729e+00,1.033330002511337753e+01,2.105719157007619469e-01
-3.997499999999999609e+00,3.857142991662048548e+00,2.629369004290030620e+00,1.033329996817765384e+01,2.105719157007619469e-01
-3.992499999999999716e+00,3.857142993052192548e+00,2.629369003365328972e+00,1.033329997459816774e+01,2.105719157007619469e-01
-3.987499999999999822e+00,3.857143023395572801e+00,2.629368988352773329e+00,1.033330008724152549e+01,2.105719157007619469e-01
-3.982499999999999929e+00,3.857142996117303380e+00,2.629369001974092068e+00,1.033329998520081006e+01,2.105719157007619469e-01
-3.977500000000000036e+00,3.857142955773878779e+00,2.629369021864931710e+00,1.033329983620568271e+01,2.105719157007619469e-01
-3.972499999999999698e+00,3.857143034337302989e+00,2.629368983735504095e+00,1.033330012311403756e+01,2.105719157007619469e-01
-3.967499999999999805e+00,3.857143069986845862e+00,2.629368962779255803e+00,1.033330027411662222e+01,2.105719157007619469e-01
-3.962499999999999467e+00,3.857142902172072674e+00,2.629369052905342397e+00,1.033329961297969213e+01,2.105719157007619469e-01
-3.957499999999999574e+00,3.857142886750605904e+00,2.629369050748085801e+00,1.033329960530094027e+01,2.105719157007619469e-01
-3.952499999999999680e+00,3.857143256391891928e+00,2.629368880066210501e+00,1.033330092378125897e+01,2.105719157007619469e-01
-3.947499999999999787e+00,3.857143127134777583e+00,2.629368925149482727e+00,1.033330051221266643e+01,2.105719157007619469e-01
-3.942499999999999893e+00,3.857142503540038625e+00,2.629369260282686582e+00,1.033329813000937136e+01,2.105719157007619469e-01
-3.937500000000000000e+00,3.857142772057941205e+00,2.629369108683943246e+00,1.033329907818892401e+01,2.105719157007619469e-01
-3.932499999999999662e+00,3.857143971849298580e+00,2.629368502963690180e+00,1.033330386232181297e+01,2.105719157007619469e-01
-3.927499999999999769e+00,3.857143615346586785e+00,2.629368729624776080e+00,1.033330183996939766e+01,2.105719157007619469e-01
-3.922499999999999876e+00,3.857140924282936645e+00,2.629369955237590872e+00,1.033329303471987259e+01,2.105719157007619469e-01
-3.917499999999999538e+00,3.857141816414937363e+00,2.629369748894752945e+00,1.033329434725151863e+01,2.105719157007619469e-01
-3.912499999999999645e+00,3.857145703742239640e+00,2.629367408963544595e+00,1.033331160701256834e+01,2.105719157007619469e-01
-3.907499999999999751e+00,3.857147502989373145e+00,2.629367039531936623e+00,1.033331571388022851e+01,2.105719157007619469e-01
-3.902499999999999858e+00,3.857139014285909440e+00,2.629370689981492148e+00,1.033328465871383095e+01,2.105719157007619469e-01
-3.897499999999999964e+00,3.857130871755716672e+00,2.629375289086094192e+00,1.033325896403010091e+01,2.105719157007619469e-01
-3.892500000000000071e+00,3.857136091758321061e+00,2.629372554222149549e+00,1.033326218310911138e+01,2.105719157007619469e-01
-3.887499999999999734e+00,3.857128551258659943e+00,2.629375594831877994e+00,1.033327536916715950e+01,2.105719157007619469e-01
-3.882499999999999840e+00,3.857071840789134232e+00,2.629405772148520004e+00,1.033299448915551366e+01,2.105719157007619469e-01
-3.877499999999999503e+00,3.856746837166628250e+00,2.629569209684410325e+00,1.033171646909544350e+01,2.105719157007619469e-01
-3.872499999999999609e+00,3.855739967792937595e+00,2.630076128833859439e+00,1.032793878008403254e+01,2.105719157007619469e-01
-3.867499999999999716e+00,3.853243393894665747e+00,2.631330763892667512e+00,1.031858804052989775e+01,2.105719157007619469e-01
-3.862499999999999822e+00,3.847037860307788382e+00,2.634449183897745517e+00,1.029541623139958340e+01,2.105719157007619469e-01
-3.857499999999999929e+00,3.834005813985008615e+00,2.641006631356496825e+00,1.024657900900925611e+01,2.105719157007619469e-01
-3.852500000000000036e+00,3.813689719396886169e+00,2.651311803347844442e+00,1.017070970003641150e+01,2.105719157007619469e-01
-3.847499999999999698e+00,3.787799492495018683e+00,2.664354375141404052e+00,1.007432409015287611e+01,2.105719157007619469e-01
-3.842499999999999805e+00,3.757420467204691583e+00,2.680090867065061389e+00,9.960944860166435433e+00,2.105719157007619469e-01
-3.837499999999999467e+00,3.721746058505660315e+00,2.698177005191304545e+00,9.829467010031862628e+00,2.105719157007619469e-01
-3.832499999999999574e+00,3.680079256604742888e+00,2.719917951886975604e+00,9.675474433326851198e+00,2.105719157007619469e-01
-3.827499999999999680e+00,3.635533722537976686e+00,2.743510451480653423e+00,9.511579960208962348e+00,2.105719157007619469e-01
-3.822499999999999787e+00,3.595657570847297535e+00,2.761802865012936703e+00,9.370591187414881063e+00,2.105719157007619469e-01
-3.817499999999999893e+00,3.592818796506387802e+00,2.766485487280764044e+00,9.357959612644302538e+00,2.105719157007619469e-01
-3.812500000000000000e+00,3.612022120010721871e+00,2.757888021940875234e+00,9.417468907367783970e+00,2.105719157007619469e-01
-3.807500000000000107e+00,3.630868427002197141e+00,2.745873751040492028e+00,9.492953504787145391e+00,2.105719157007619469e-01
-3.802499999999999769e+00,3.641703537780037969e+00,2.739734697401337016e+00,9.540159330807533422e+00,2.105719157007619469e-01
-3.797499999999999876e+00,3.648339138216727839e+00,2.737722687579017045e+00,9.556045594888836092e+00,2.105719157007619469e-01
-3.792499999999999538e+00,3.650765591929573173e+00,2.736179057874338127e+00,9.562783737140197360e+00,2.105719157007619469e-01
-3.787499999999999645e+00,3.652122549546307440e+00,2.734586655607749162e+00,9.570828648846893216e+00,2.105719157007619469e-01
-3.782499999999999751e+00,3.654696052244488680e+00,2.732347134442690617e+00,9.583400865959903925e+00,2.105719157007619469e-01
-3.777499999999999858e+00,3.659509507318095434e+00,2.729124487470786065e+00,9.603582920718002569e+00,2.105719157007619469e-01
-3.772499999999999964e+00,3.666598804602904771e+00,2.725869605624195113e+00,9.627809293182849615e+00,2.105719157007619469e-01
-3.767500000000000071e+00,3.675070470917440435e+00,2.722621464160151827e+00,9.655027038576598386e+00,2.105719157007619469e-01
-3.762499999999999734e+00,3.683927514410053838e+00,2.718781349931454372e+00,9.685929560270622574e+00,2.105719157007619469e-01
-3.757499999999999840e+00,3.693058253785245437e+00,2.714044174104089713e+00,9.721388670348893868e+00,2.105719157007619469e-01
-3.752499999999999503e+00,3.702640082515378683e+00,2.708682000446653415e+00,9.760026206981491370e+00,2.105719157007619469e-01
-3.747499999999999609e+00,3.712788823456973475e+00,2.703166708615170943e+00,9.799008124192912561e+00,2.105719157007619469e-01
-3.742499999999999716e+00,3.723348228583834629e+00,2.697756498539990666e+00,9.836517053382772602e+00,2.105719157007619469e-01
-3.737499999999999822e+00,3.733746736682847622e+00,2.692426419406573235e+00,9.872505101471610089e+00,2.105719157007619469e-01
-3.732499999999999929e+00,3.743455526589138938e+00,2.687089025181264912e+00,9.907707133564944257e+00,2.105719157007619469e-01
-3.727500000000000036e+00,3.752636276581363006e+00,2.681811283671919899e+00,9.942876411610612308e+00,2.105719157007619469e-01
-3.722499999999999698e+00,3.761974962654093702e+00,2.676746514196507221e+00,9.978608414278797412e+00,2.105719157007619469e-01
-3.717499999999999805e+00,3.771880754113801082e+00,2.671968638972017196e+00,1.001508190771903983e+01,2.105719157007619469e-01
-3.712499999999999911e+00,3.781876804252157775e+00,2.667416790671621296e+00,1.005158020231710125e+01,2.105719157007619469e-01
-3.707499999999999574e+00,3.791124747110684812e+00,2.662992578256180298e+00,1.008675898612332844e+01,2.105719157007619469e-01
-3.702499999999999680e+00,3.799548618472595507e+00,2.658677570403694901e+00,1.012000072854672084e+01,2.105719157007619469e-01
-3.697499999999999787e+00,3.807874639996898125e+00,2.654449451460425546e+00,1.015152520792493718e+01,2.105719157007619469e-01
-3.692499999999999893e+00,3.816902422584898869e+00,2.650244091414645453e+00,1.018256915698343157e+01,2.105719157007619469e-01
-3.687500000000000000e+00,3.826383562106759673e+00,2.645982922231158607e+00,1.021474800299620611e+01,2.105719157007619469e-01
-3.682500000000000107e+00,3.834663366081344726e+00,2.641358397348086307e+00,1.024653903528521326e+01,2.105719157007619469e-01
-3.677499999999999769e+00,3.842030859608138282e+00,2.636607069605522824e+00,1.027743973381710418e+01,2.105719157007619469e-01
-3.672499999999999876e+00,3.849319005333131205e+00,2.631994775066299752e+00,1.030829412635779896e+01,2.105719157007619469e-01
-3.667499999999999538e+00,3.857121809021553993e+00,2.627596703474859297e+00,1.033868393274272535e+01,2.105719157007619469e-01
-3.662499999999999645e+00,3.866362262554327689e+00,2.623574740492066404e+00,1.037014562111759908e+01,2.105719157007619469e-01
-3.657499999999999751e+00,3.876234492416768429e+00,2.619771185574986561e+00,1.040320043461680477e+01,2.105719157007619469e-01
-3.652499999999999858e+00,3.885453431943567182e+00,2.615977416586103388e+00,1.043620138780893569e+01,2.105719157007619469e-01
-3.647499999999999964e+00,3.893679644140585427e+00,2.612091696445749456e+00,1.046765636277783607e+01,2.105719157007619469e-01
-3.642500000000000071e+00,3.901433904642294781e+00,2.608144897551118557e+00,1.049738093658310945e+01,2.105719157007619469e-01
-3.637499999999999734e+00,3.909164179243664883e+00,2.604205495025237571e+00,1.052607456442822631e+01,2.105719157007619469e-01
-3.632499999999999840e+00,3.916801508851551983e+00,2.600289527567866354e+00,1.055452179993231532e+01,2.105719157007619469e-01
-3.627499999999999503e+00,3.924122683273903345e+00,2.596352683569824293e+00,1.058311420447327400e+01,2.105719157007619469e-01
-3.622499999999999609e+00,3.931198171095682259e+00,2.592394980276099492e+00,1.061160557388116565e+01,2.105719157007619469e-01
-3.617499999999999716e+00,3.938306415751170242e+00,2.588516303585894018e+00,1.063931490675217972e+01,2.105719157007619469e-01
-3.612499999999999822e+00,3.945560080389685087e+00,2.584823090852303995e+00,1.066605404890646902e+01,2.105719157007619469e-01
-3.607499999999999929e+00,3.952759536541893493e+00,2.581319108614808400e+00,1.069262233408840679e+01,2.105719157007619469e-01
-3.602500000000000036e+00,3.959651329112570117e+00,2.577967541782733463e+00,1.071978247666546125e+01,2.105719157007619469e-01
-3.597500000000000142e+00,3.966311765135462686e+00,2.574769504536058573e+00,1.074727257565760397e+01,2.105719157007619469e-01
-3.592499999999999805e+00,3.973082633971409372e+00,2.571725948282689966e+00,1.077409676464372446e+01,2.105719157007619469e-01
-3.587499999999999911e+00,3.980081173130592287e+00,2.568770493647219322e+00,1.079952215163189777e+01,2.105719157007619469e-01
-3.582499999999999574e+00,3.986956911907465262e+00,2.565816518472479046e+00,1.082341266064343088e+01,2.105719157007619469e-01
-3.577499999999999680e+00,3.993217167286202685e+00,2.562867600112493260e+00,1.084566463109173284e+01,2.105719157007619469e-01
-3.572499999999999787e+00,3.998751110414768828e+00,2.559984338006850990e+00,1.086619392620754176e+01,2.105719157007619469e-01
-3.567499999999999893e+00,4.003830604741231092e+00,2.557191879449174365e+00,1.088536681022434749e+01,2.105719157007619469e-01
-3.562500000000000000e+00,4.008703174002095970e+00,2.554433042658879494e+00,1.090397068902740152e+01,2.105719157007619469e-01
-3.557500000000000107e+00,4.013338803424878698e+00,2.551743591051123250e+00,1.092249175232030289e+01,2.105719157007619469e-01
-3.552499999999999769e+00,4.017800218702581638e+00,2.549310267618509762e+00,1.094103779781636199e+01,2.105719157007619469e-01
-3.547499999999999876e+00,4.022644340767068449e+00,2.547164958433858484e+00,1.095977883357749505e+01,2.105719157007619469e-01
-3.542499999999999538e+00,4.028163416437188893e+00,2.545217582814797819e+00,1.097887214277079515e+01,2.105719157007619469e-01
-3.537499999999999645e+00,4.033742412533858790e+00,2.543447974369307030e+00,1.099823591356314800e+01,2.105719157007619469e-01
-3.532499999999999751e+00,4.037799004126796376e+00,2.541486714674816128e+00,1.101458860369522874e+01,2.105719157007619469e-01
-3.527499999999999858e+00,4.040641631672819756e+00,2.539381885297510522e+00,1.102787409235733662e+01,2.105719157007619469e-01
-3.522499999999999964e+00,4.043419211935696644e+00,2.537364296388839424e+00,1.104119967311275552e+01,2.105719157007619469e-01
-3.517500000000000071e+00,4.046803825173546976e+00,2.535393884076871718e+00,1.105401597656360480e+01,2.105719157007619469e-01
-3.512499999999999734e+00,4.051623182666499012e+00,2.533605887485441688e+00,1.106617311281932281e+01,2.105719157007619469e-01
-3.507499999999999840e+00,4.056511134408729902e+00,2.532096126017918447e+00,1.107892801568525520e+01,2.105719157007619469e-01
-3.502499999999999947e+00,4.059253782830682944e+00,2.530689530200594728e+00,1.109141264906108937e+01,2.105719157007619469e-01
-3.497499999999999609e+00,4.060619455150775714e+00,2.529398287701214443e+00,1.110331092087360005e+01,2.105719157007619469e-01
-3.492499999999999716e+00,4.061456782516336794e+00,2.528201695383446967e+00,1.111451966723419460e+01,2.105719157007619469e-01
-3.487499999999999822e+00,4.062106644145815793e+00,2.527050880315509396e+00,1.112461658616697768e+01,2.105719157007619469e-01
-3.482499999999999929e+00,4.062613548153885645e+00,2.525963998245027931e+00,1.113409024661171465e+01,2.105719157007619469e-01
-3.477500000000000036e+00,4.062680375425289370e+00,2.525000306855151866e+00,1.114323826509732918e+01,2.105719157007619469e-01
-3.472500000000000142e+00,4.061360603441629635e+00,2.524007756707392858e+00,1.115075099840637485e+01,2.105719157007619469e-01
-3.467499999999999805e+00,4.056368290714616798e+00,2.522944894348640332e+00,1.115589951026198534e+01,2.105719157007619469e-01
-3.462499999999999911e+00,4.044227072721447769e+00,2.521918707706904961e+00,1.115984189391570247e+01,2.105719157007619469e-01
-3.457499999999999574e+00,4.015827753950266477e+00,2.520989703633202961e+00,1.116363881756048038e+01,2.105719157007619469e-01
-3.452499999999999680e+00,3.936727565777758286e+00,2.520202086685463971e+00,1.116688452902066331e+01,2.105719157007619469e-01
-3.447499999999999787e+00,3.781551473166719912e+00,2.519753314941731492e+00,1.117115412773855532e+01,2.105719157007619469e-01
-3.442499999999999893e+00,3.601348277756613481e+00,2.519617865420345382e+00,1.117661198679927814e+01,2.105719157007619469e-01
-3.437500000000000000e+00,3.471443551733491173e+00,2.519602679355964270e+00,1.118156227194790908e+01,2.105719157007619469e-01
-3.432500000000000107e+00,3.438893099660170538e+00,2.519660751718477698e+00,1.118579686756380731e+01,2.105719157007619469e-01
-3.427499999999999769e+00,3.490924973664796482e+00,2.519673553350062711e+00,1.118859601223755718e+01,2.105719157007619469e-01
-3.422499999999999876e+00,3.588498052806627925e+00,2.519538700746523308e+00,1.118922298716421793e+01,2.105719157007619469e-01
-3.417499999999999538e+00,3.701540907319160745e+00,2.519250290796010816e+00,1.118750501430164768e+01,2.105719157007619469e-01
-3.412499999999999645e+00,3.805643423509589063e+00,2.518878650677010445e+00,1.118388423396400810e+01,2.105719157007619469e-01
-3.407499999999999751e+00,3.888892124115681526e+00,2.518563296659841910e+00,1.117937209323349634e+01,2.105719157007619469e-01
-3.402499999999999858e+00,3.952487128722074416e+00,2.518451389422356801e+00,1.117510687879853570e+01,2.105719157007619469e-01
-3.397499999999999964e+00,4.005730766551248045e+00,2.518644519409405369e+00,1.117189792712102481e+01,2.105719157007619469e-01
-3.392500000000000071e+00,4.059060846321436600e+00,2.519161051796478645e+00,1.116989747259118637e+01,2.105719157007619469e-01
-3.387500000000000178e+00,4.118967194387280095e+00,2.519926262437232722e+00,1.116851025835375388e+01,2.105719157007619469e-01
-3.382499999999999840e+00,4.186342867867860029e+00,2.520796067657872452e+00,1.116656171918673124e+01,2.105719157007619469e-01
-3.377499999999999947e+00,4.257806007940944326e+00,2.521627551042521009e+00,1.116284570858486269e+01,2.105719157007619469e-01
-3.372499999999999609e+00,4.328353143013994320e+00,2.522353975373103907e+00,1.115673499822827353e+01,2.105719157007619469e-01
-3.367499999999999716e+00,4.393693982159352807e+00,2.523006923725280348e+00,1.114839749091211907e+01,2.105719157007619469e-01
-3.362499999999999822e+00,4.451459583794390440e+00,2.523676674363525940e+00,1.113852885646515212e+01,2.105719157007619469e-01
-3.357499999999999929e+00,4.501298195112816813e+00,2.524455224268458142e+00,1.112790871554227934e+01,2.105719157007619469e-01
-3.352500000000000036e+00,4.544239667814895078e+00,2.525400673652923977e+00,1.111708050315874985e+01,2.105719157007619469e-01
-3.347500000000000142e+00,4.581763571075842201e+00,2.526529127389490981e+00,1.110622721133334423e+01,2.105719157007619469e-01
-3.342499999999999805e+00,4.614971513807316406e+00,2.527821358740844016e+00,1.109519895260617695e+01,2.105719157007619469e-01
-3.337499999999999911e+00,4.644143260897117820e+00,2.529234123147791280e+00,1.108363259734004735e+01,2.105719157007619469e-01
-3.332499999999999574e+00,4.668798456268362429e+00,2.530727743958799181e+00,1.107121604139422644e+01,2.105719157007619469e-01
-3.327499999999999680e+00,4.688131059246699373e+00,2.532305659423931044e+00,1.105800569957720647e+01,2.105719157007619469e-01
-3.322499999999999787e+00,4.701394632299915166e+00,2.533992490094432171e+00,1.104420814615989777e+01,2.105719157007619469e-01
-3.317499999999999893e+00,4.708031471045410754e+00,2.535747313847845241e+00,1.102945388505974300e+01,2.105719157007619469e-01
-3.312500000000000000e+00,4.707887268301770511e+00,2.537493154308324783e+00,1.101307463699755296e+01,2.105719157007619469e-01
-3.307500000000000107e+00,4.701426584259037256e+00,2.539266498198027744e+00,1.099537361290782300e+01,2.105719157007619469e-01
-3.302499999999999769e+00,4.689083306920550420e+00,2.541109506783152394e+00,1.097672073624367783e+01,2.105719157007619469e-01
-3.297499999999999876e+00,4.670565941492108131e+00,2.542915238039969772e+00,1.095624573774039057e+01,2.105719157007619469e-01
-3.292499999999999538e+00,4.646034671307223363e+00,2.544873840095120521e+00,1.093561125970092363e+01,2.105719157007619469e-01
-3.287499999999999645e+00,4.616261532869464723e+00,2.547414105790988703e+00,1.091841854287917890e+01,2.105719157007619469e-01
-3.282499999999999751e+00,4.577814751524425851e+00,2.549668081897195293e+00,1.089788776553694838e+01,2.105719157007619469e-01
-3.277499999999999858e+00,4.516780476636212072e+00,2.548264935729561032e+00,1.084620566915447171e+01,2.105719157007619469e-01
-3.272499999999999964e+00,4.390640321780372446e+00,2.527248224241975816e+00,1.063116609451965289e+01,2.105719157007619469e-01
-3.267500000000000071e+00,3.934463850031961307e+00,2.357230506985166674e+00,9.301270936581245152e+00,2.105719157007619469e-01
-3.262500000000000178e+00,2.221321521383413433e+00,1.336326572835818682e+00,3.954473547168735781e+00,2.105719157007619469e-01
-3.257499999999999840e+00,1.209723322436085269e+00,1.318889302452618817e-01,1.163556839720163438e+00,2.105719157007619469e-01
-3.252499999999999947e+00,1.110223179678359484e+00,5.114218977264915061e-03,1.006282895545074885e+00,2.105719157007619469e-01
-3.247499999999999609e+00,1.101202999360013202e+00,1.655934032642366043e-04,1.000223792213932317e+00,2.105719157007619469e-01
-3.242499999999999716e+00,1.096678207766148549e+00,9.033662323034340010e-07,9.999972167242489052e-01,2.105719157007619469e-01
-3.237499999999999822e+00,1.092273383601984227e+00,-5.759642786514396834e-07,9.999996642045725359e-01,2.105719157007619469e-01
-3.232499999999999929e+00,1.087810287589283442e+00,1.135842535197975763e-06,1.000001363378361985e+00,2.105719157007619469e-01
-3.227500000000000036e+00,1.083289917237653999e+00,-1.741491267454532096e-08,9.999999803239224550e-01,2.105719157007619469e-01
-3.222500000000000142e+00,1.078718550579143676e+00,-3.678042358537266595e-08,9.999999547437334879e-01,2.105719157007619469e-01
-3.217499999999999805e+00,1.074098050643222946e+00,9.377986761782112072e-09,1.000000011482534257e+00,2.105719157007619469e-01
-3.212499999999999911e+00,1.069431190161516776e+00,9.441726933930068266e-10,1.000000001157815843e+00,2.105719157007619469e-01
-3.207499999999999574e+00,1.064720943976824818e+00,-5.714768636491631559e-10,9.999999993022914424e-01,2.105719157007619469e-01
-3.202499999999999680e+00,1.059970251296665333e+00,4.405881161626827083e-11,1.000000000053570259e+00,2.105719157007619469e-01
-3.197499999999999787e+00,1.055182078571111681e+00,2.455143718043100479e-11,1.000000000029846126e+00,2.105719157007619469e-01
-3.192499999999999893e+00,1.050359418833129999e+00,-5.787592065826263646e-12,9.999999999929847228e-01,2.105719157007619469e-01
-3.187500000000000000e+00,1.045505286130350209e+00,-4.048232933285247891e-13,9.999999999995088373e-01,2.105719157007619469e-01
-3.182500000000000107e+00,1.040622714100788437e+00,3.689110631663474974e-13,1.000000000000445199e+00,2.105719157007619469e-01
-3.177500000000000213e+00,1.035714754196181753e+00,-3.282128241550889366e-14,9.999999999999613642e-01,2.105719157007619469e-01
-3.172499999999999876e+00,1.030784473733144191e+00,-1.500627323879462309e-14,9.999999999999829026e-01,2.105719157007619469e-01
-3.167499999999999982e+00,1.025834953976102248e+00,3.287633835938155038e-15,1.000000000000004663e+00,2.105719157007619469e-01
-3.162499999999999645e+00,1.020869288213768877e+00,2.387894781166049681e-16,1.000000000000000222e+00,2.105719157007619469e-01
-3.157499999999999751e+00,1.015890579825630136e+00,2.914790564124270792e-16,1.000000000000000000e+00,2.105719157007619469e-01
-3.152499999999999858e+00,1.010901940342361360e+00,3.240878518465317344e-17,1.000000000000000000e+00,2.105719157007619469e-01
-3.147499999999999964e+00,1.005906487501252222e+00,-2.786266740203895801e-16,1.000000000000000000e+00,2.105719157007619469e-01
-3.142500000000000071e+00,1.000907343297718910e+00,-1.176667270586274124e-16,1.000000000000000000e+00,2.105719157007619469e-01
-3.137500000000000178e+00,9.959076320341596622e-01,-1.379785318813960781e-16,1.000000000000000000e+00,2.105719157007619469e-01
-3.132499999999999840e+00,9.909104783673668981e-01,6.482263679411151890e-16,1.000000000000000000e+00,2.105719157007619469e-01
-3.127499999999999947e+00,9.859190053557177480e-01,1.490162857271648649e-15,1.000000000000000000e+00,2.105719157007619469e-01
-3.122499999999999609e+00,9.809363325073648943e-01,1.674823413197135950e-15,1.000000000000000000e+00,2.105719157007619469e-01
-3.117499999999999716e+00,9.759655738306463046e-01,5.139791959725016781e-16,1.000000000000000000e+00,2.105719157007619469e-01
-3.112499999999999822e+00,9.710098358879293290e-01,2.173689883968681953e-16,1.000000000000000000e+00,2.105719157007619469e-01
-3.107499999999999929e+00,9.660722158541114046e-01,2.158565725792957528e-16,1.000000000000000000e+00,2.105719157007619469e-01
-3.102500000000000036e+00,9.611557995809876243e-01,0.000000000000000000e+00,1.000000000000000000e+00,2.105719157007619469e-01
-3.097500000000000142e+00,9.562636596686928669e-01,-2.053774024416990087e-16,1.000000000000000000e+00,2.105719157007619469e-01
-3.092499999999999805e+00,9.513988535454250828e-01,-2.611173712393576954e-16,1.000000000000000000e+00,2.105719157007619469e-01
-3.087499999999999911e+00,9.465644215566564323e-01,-1.394404155745526685e-16,1.000000000000000000e+00,2.105719157007619469e-01
-3.082499999999999574e+00,9.417633850650111160e-01,9.520992250743617227e-17,1.000000000000000000e+00,2.105719157007619469e-01
-3.077499999999999680e+00,9.369987445620171496e-01,2.946633288657380057e-16,1.000000000000000000e+00,2.105719157007619469e-01
-3.072499999999999787e+00,9.322734777928921579e-01,2.263784901310452957e-16,1.000000000000000000e+00,2.105719157007619469e-01
-3.067499999999999893e+00,9.275905378955531244e-01,-4.181514947109819513e-16,1.000000000000000000e+00,2.105719157007619469e-01
-3.062500000000000000e+00,9.229528515550000645e-01,-1.396437675851923523e-15,1.000000000000000000e+00,2.105719157007619469e-01
-3.057500000000000107e+00,9.183633171742321410e-01,-2.015275749760963172e-15,1.000000000000000000e+00,2.105719157007619469e-01
-3.052500000000000213e+00,9.138248030628411955e-01,-1.107895540244400873e-15,1.000000000000000000e+00,2.105719157007619469e-01
-3.047499999999999876e+00,9.093401456444120123e-01,1.478956972498213997e-17,1.000000000000000000e+00,2.105719157007619469e-01
-3.042499999999999982e+00,9.049121476838499767e-01,4.700721102501728186e-16,1.000000000000000000e+00,2.105719157007619469e-01
-3.037499999999999645e+00,9.005435765357416855e-01,-1.977258703488095807e-16,1.000000000000000000e+00,2.105719157007619469e-01
-3.032499999999999751e+00,8.962371624148526283e-01,-4.424057584561656805e-16,1.000000000000000000e+00,2.105719157007619469e-01
-3.027499999999999858e+00,8.919955966898283073e-01,9.086335135039495257e-19,1.000000000000000000e+00,2.105719157007619469e-01
-3.022499999999999964e+00,8.878215302011778221e-01,7.273876151195251800e-17,1.000000000000000000e+00,2.105719157007619469e-01
-3.017500000000000071e+00,8.837175716045844176e-01,-7.399370312938488989e-17,1.000000000000000000e+00,2.105719157007619469e-01
-3.012500000000000178e+00,8.796862857405818303e-01,0.000000000000000000e+00,1.000000000000000000e+00,2.105719157007619469e-01
-3.007499999999999840e+00,8.757301920316108435e-01,1.004094008213557013e-15,1.000000000000000000e+00,2.105719157007619469e-01
-3.002499999999999947e+00,8.718517629074632458e-01,2.164113789579143184e-15,1.000000000000000000e+00,2.105719157007619469e-01
-2.997499999999999609e+00,8.680534222600929661e-01,1.786803722968484656e-15,1.000000000000000000e+00,2.105719157007619469e-01
-2.992499999999999716e+00,8.643375439287641626e-01,2.651381942584443072e-16,1.000000000000000000e+00,2.105719157007619469e-01
-2.987499999999999822e+00,8.607064502164764042e-01,1.356980336858121633e-16,1.000000000000000000e+00,2.105719157007619469e-01
-2.982499999999999929e+00,8.571624104386021958e-01,1.461539437117120303e-17,1.000000000000000000e+00,2.105719157007619469e-01
-2.977500000000000036e+00,8.537076395046396815e-01,0.000000000000000000e+00,1.000000000000000000e+00,2.105719157007619469e-01
-2.972499999999999698e+00,8.503442965339649273e-01,0.000000000000000000e+00,1.000000000000000000e+00,2.105719157007619469e-01
-2.967499999999999805e+00,8.470744835064528688e-01,-8.989461668444519960e-17,1.000000000000000000e+00,2.105719157007619469e-01
-2.962499999999999911e+00,8.439002439488091367e-01,2.003885142247124912e-16,1.000000000000000000e+00,2.105719157007619469e-01
-2.957500000000000018e+00,8.408235616574306626e-01,-1.105588428772663083e-16,1.000000000000000000e+00,2.105719157007619469e-01
-2.952500000000000124e+00,8.378463594585998653e-01,-9.373747064048786150e-17,1.000000000000000000e+00,2.105719157007619469e-01
-2.947499999999999787e+00,8.349704980067782500e-01,1.906829399334377533e-17,1.000000000000000000e+00,2.105719157007619469e-01
-2.942499999999999893e+00,8.321977746217602556e-01,7.426800493390530004e-17,1.000000000000000000e+00,2.105719157007619469e-01
-2.937500000000000000e+00,8.295299221654057753e-01,9.770197987779615158e-19,1.000000000000000000e+00,2.105719157007619469e-01
-2.932500000000000107e+00,8.269686079586572314e-01,-1.704673275209024968e-16,1.000000000000000000e+00,2.105719157007619469e-01
-2.927499999999999769e+00,8.245154327395192162e-01,-6.363866724064909975e-17,1.000000000000000000e+00,2.105719157007619469e-01
-2.922499999999999876e+00,8.221719296626499585e-01,-9.840226548788754160e-16,1.000000000000000000e+00,2.105719157007619469e-01
-2.917499999999999982e+00,8.199395633411881157e-01,-1.749090898713184872e-15,1.000000000000000000e+00,2.105719157007619469e-01
-2.912500000000000089e+00,8.178197289314177443e-01,-1.757715876139663846e-15,1.000000000000000000e+00,2.105719157007619469e-01
-2.907499999999999751e+00,8.158137512608412134e-01,-9.824720849296738266e-16,1.000000000000000000e+00,2.105719157007619469e-01
-2.902499999999999858e+00,8.139228840002057375e-01,9.957910128622525407e-19,1.000000000000000000e+00,2.105719157007619469e-01
-2.897499999999999964e+00,8.121483088799984484e-01,-9.979668543151374174e-19,1.000000000000000000e+00,2.105719157007619469e-01
-2.892500000000000071e+00,8.104911349519046126e-01,4.648913140478397664e-17,1.000000000000000000e+00,2.105719157007619469e-01
-2.887499999999999734e+00,8.089523978956858485e-01,4.358328335430556230e-17,1.000000000000000000e+00,2.105719157007619469e-01
-2.882499999999999840e+00,8.075330593719145522e-01,-1.673339842081287491e-17,1.000000000000000000e+00,2.105719157007619469e-01
-2.877499999999999947e+00,8.062340064209664314e-01,-7.370447979013784344e-17,1.000000000000000000e+00,2.105719157007619469e-01
-2.872500000000000053e+00,8.050560509086498451e-01,0.000000000000000000e+00,1.000000000000000000e+00,2.105719157007619469e-01
-2.867499999999999716e+00,8.039999290188157843e-01,3.963464378184770233e-16,1.000000000000000000e+00,2.105719157007619469e-01
-2.862499999999999822e+00,8.030663007932673514e-01,1.664467803390680570e-15,1.000000000000000000e+00,2.105719157007619469e-01
-2.857499999999999929e+00,8.022557497192543963e-01,2.233263569648400428e-15,1.000000000000000000e+00,2.105719157007619469e-01
-2.852500000000000036e+00,8.015687823648137700e-01,1.532802625450486021e-15,1.000000000000000000e+00,2.105719157007619469e-01
-2.847500000000000142e+00,8.010058280621801252e-01,-5.059245917168368978e-19,1.000000000000000000e+00,2.105719157007619469e-01
-2.842499999999999805e+00,8.005672386394676598e-01,-9.121047081906521705e-16,1.000000000000000000e+00,2.105719157007619469e-01
-2.837499999999999911e+00,8.002532882007890036e-01,-1.722272627718903970e-15,1.000000000000000000e+00,2.105719157007619469e-01
-2.832500000000000018e+00,8.000641729549486936e-01,-1.556385834349922796e-15,1.000000000000000000e+00,2.105719157007619469e-01
-2.827500000000000124e+00,8.000000110928193742e-01,-1.285937460157174826e-15,1.000000000000000000e+00,2.105719157007619469e-01
-2.822499999999999787e+00,8.000608427134764389e-01,-3.659928220255598643e-16,1.000000000000000000e+00,2.105719157007619469e-01
-2.817499999999999893e+00,8.002466297991369659e-01,0.000000000000000000e+00,1.000000000000000000e+00,2.105719157007619469e-01
-2.812500000000000000e+00,8.005572562389201563e-01,0.000000000000000000e+00,1.000000000000000000e+00,2.105719157007619469e-01
-2.807500000000000107e+00,8.009925279014125099e-01,0.000000000000000000e+00,1.000000000000000000e+00,2.105719157007619469e-01
-2.802499999999999769e+00,8.015521727559936638e-01,0.000000000000000000e+00,1.000000000000000000e+00,2.105719157007619469e-01
-2.797499999999999876e+00,8.022358410428466202e-01,0.000000000000000000e+00,1.000000000000000000e+00,2.105719157007619469e-01
-2.792499999999999982e+00,8.030431054915465605e-01,1.595661268833154614e-16,1.000000000000000000e+00,2.105719157007619469e-01
-2.787500000000000089e+00,8.039734615880905766e-01,-1.593814773568813724e-16,1.000000000000000000e+00,2.105719157007619469e-01
-2.782499999999999751e+00,8.050263278902028974e-01,0.000000000000000000e+00,1.000000000000000000e+00,2.105719157007619469e-01
-2.777499999999999858e+00,8.062010463907166580e-01,4.348955757740728911e-17,1.000000000000000000e+00,2.105719157007619469e-01
-2.772499999999999964e+00,8.074968829288079464e-01,2.555816292676690643e-17,1.000000000000000000e+00,2.105719157007619469e-01
-2.767500000000000071e+00,8.089130276488218918e-01,6.710290528199862927e-16,1.000000000000000000e+00,2.105719157007619469e-01
-2.762499999999999734e+00,8.104485955064059111e-01,1.526976033304449723e-15,1.000000000000000000e+00,2.105719157007619469e-01
-2.757499999999999840e+00,8.121026268216336996e-01,9.543679926581146763e-16,1.000000000000000000e+00,2.105719157007619469e-01
-2.752499999999999947e+00,8.138740878787745769e-01,-7.513029753713881779e-16,1.000000000000000000e+00,2.105719157007619469e-01
-2.747500000000000053e+00,8.157618715723310432e-01,-1.410075938987187173e-15,1.000000000000000000e+00,2.105719157007619469e-01
-2.742500000000000160e+00,8.177647980989449783e-01,-3.278872951079588030e-16,1.000000000000000000e+00,2.105719157007619469e-01
-2.737499999999999822e+00,8.198816156947352773e-01,1.691931811836035628e-15,1.000000000000000000e+00,2.105719157007619469e-01
-2.732499999999999929e+00,8.221110014176097325e-01,2.345090687482355434e-15,1.000000000000000000e+00,2.105719157007619469e-01
-2.727500000000000036e+00,8.244515619740613310e-01,9.457624667657406530e-16,1.000000000000000000e+00,2.105719157007619469e-01
-2.722500000000000142e+00,8.269018345899307176e-01,-1.580879492487336668e-15,1.000000000000000000e+00,2.105719157007619469e-01
-2.717499999999999805e+00,8.294602879245931426e-01,-2.562060663058798243e-15,1.000000000000000000e+00,2.105719157007619469e-01
-2.712499999999999911e+00,8.321253230279951341e-01,-1.494584126979836723e-15,1.000000000000000000e+00,2.105719157007619469e-01
-2.707500000000000018e+00,8.348952743399482568e-01,0.000000000000000000e+00,1.000000000000000000e+00,2.105719157007619469e-01
-2.702500000000000124e+00,8.377684107310476858e-01,1.262935928069418252e-15,1.000000000000000000e+00,2.105719157007619469e-01
-2.697499999999999787e+00,8.407429365845746627e-01,2.014878948788476401e-15,1.000000000000000000e+00,2.105719157007619469e-01
-2.692499999999999893e+00,8.438169929186947194e-01,1.884587767066313984e-15,1.000000000000000000e+00,2.105719157007619469e-01
-2.687500000000000000e+00,8.469886585482639951e-01,3.930870608756784798e-16,1.000000000000000000e+00,2.105719157007619469e-01
-2.682500000000000107e+00,8.502559512855065726e-01,4.766194766557856611e-19,1.000000000000000000e+00,2.105719157007619469e-01
-2.677499999999999769e+00,8.536168291788168716e-01,-4.747429205619296410e-19,1.000000000000000000e+00,2.105719157007619469e-01
-2.672499999999999876e+00,8.570691917889122768e-01,4.728306073857500594e-19,1.000000000000000000e+00,2.105719157007619469e-01
-2.667499999999999982e+00,8.606108815015407476e-01,-9.907713290766706852e-17,1.000000000000000000e+00,2.105719157007619469e-01
-2.662500000000000089e+00,8.642396848759192896e-01,-3.385605302729470701e-17,1.000000000000000000e+00,2.105719157007619469e-01
-2.657499999999999751e+00,8.679533340280616294e-01,6.081254800755253296e-17,1.000000000000000000e+00,2.105719157007619469e-01
-2.652499999999999858e+00,8.717495080481314496e-01,-3.360098077099066633e-16,1.000000000000000000e+00,2.105719157007619469e-01
-2.647499999999999964e+00,8.756258344509374458e-01,-1.203168790045721792e-15,1.000000000000000000e+00,2.105719157007619469e-01
-2.642500000000000071e+00,8.795798906586579369e-01,-1.928804019531168694e-15,1.000000000000000000e+00,2.105719157007619469e-01
-2.637500000000000178e+00,8.836092055148730973e-01,-1.298721203743759429e-15,1.000000000000000000e+00,2.105719157007619469e-01
-2.632499999999999840e+00,8.877112608289574602e-01,-4.769009386598917195e-16,1.000000000000000000e+00,2.105719157007619469e-01
-2.627499999999999947e+00,8.918834929498675734e-01,0.000000000000000000e+00,1.000000000000000000e+00,2.105719157007619469e-01
-2.622500000000000053e+00,8.961232943683393737e-01,1.928689618366681943e-16,1.000000000000000000e+00,2.105719157007619469e-01
-2.617500000000000160e+00,9.004280153464986336e-01,-1.919469036022466319e-16,1.000000000000000000e+00,2.105719157007619469e-01
-2.612499999999999822e+00,9.047949655738583008e-01,4.522198161676294257e-16,1.000000000000000000e+00,2.105719157007619469e-01
-2.607499999999999929e+00,9.092214158486766618e-01,1.504534192057503315e-15,1.000000000000000000e+00,2.105719157007619469e-01
-2.602500000000000036e+00,9.137045997836190647e-01,2.091012001887199897e-15,1.000000000000000000e+00,2.105719157007619469e-01
-2.597500000000000142e+00,9.182417155346598303e-01,1.075912323161514635e-15,1.000000000000000000e+00,2.105719157007619469e-01
-2.592499999999999805e+00,9.228299275521451017e-01,-2.516869981909587265e-17,1.000000000000000000e+00,2.105719157007619469e-01
-2.587499999999999911e+00,9.274663683529154046e-01,-3.047723740314514032e-18,1.000000000000000000e+00,2.105719157007619469e-01
-2.582500000000000018e+00,9.321481403123936804e-01,2.794951743515698075e-17,1.000000000000000000e+00,2.105719157007619469e-01
-2.577500000000000124e+00,9.368723174755031469e-01,-1.480474342955926727e-16,1.000000000000000000e+00,2.105719157007619469e-01
-2.572499999999999787e+00,9.416359473852962125e-01,1.472984790459158512e-16,1.000000000000000000e+00,2.105719157007619469e-01
-2.567499999999999893e+00,9.464360529281412582e-01,0.000000000000000000e+00,1.000000000000000000e+00,2.105719157007619469e-01
-2.562500000000000000e+00,9.512696341943240874e-01,-1.742515592335001143e-17,1.000000000000000000e+00,2.105719157007619469e-01
-2.557500000000000107e+00,9.561336703528936498e-01,8.233455555934092644e-18,1.000000000000000000e+00,2.105719157007619469e-01
-2.552499999999999769e+00,9.610251215395826385e-01,9.056722270337705469e-18,1.000000000000000000e+00,2.105719157007619469e-01
-2.547499999999999876e+00,9.659409307566219072e-01,-4.524203863707587956e-17,1.000000000000000000e+00,2.105719157007619469e-01
-2.542499999999999982e+00,9.708780257832675398e-01,8.160614378682146984e-18,1.000000000000000000e+00,2.105719157007619469e-01
-2.537500000000000089e+00,9.758333210958376469e-01,-2.730432803890481498e-16,1.000000000000000000e+00,2.105719157007619469e-01
-2.532500000000000195e+00,9.808037197960631781e-01,-1.014021357035622444e-15,1.000000000000000000e+00,2.105719157007619469e-01
-2.527499999999999858e+00,9.857861155465510450e-01,-1.704433727591823102e-15,1.000000000000000000e+00,2.105719157007619469e-01
-2.522499999999999964e+00,9.907773945121396419e-01,-1.196942667484749931e-15,1.000000000000000000e+00,2.105719157007619469e-01
-2.517500000000000071e+00,9.957744373059498333e-01,-5.137010465753699739e-16,1.000000000000000000e+00,2.105719157007619469e-01
-2.512500000000000178e+00,1.000774120938895617e+00,-1.214805233407634953e-18,1.000000000000000000e+00,2.105719157007619469e-01
-2.507499999999999840e+00,1.005773320771453427e+00,6.306534025084377362e-16,1.000000000000000000e+00,2.105719157007619469e-01
-2.502499999999999947e+00,1.010768912466458724e+00,6.467475053823292900e-16,1.000000000000000000e+00,2.105719157007619469e-01
-2.497500000000000053e+00,1.015757773941715625e+00,-1.759724710633332014e-17,1.000000000000000000e+00,2.105719157007619469e-01
-2.492500000000000160e+00,1.020736787321196770e+00,-7.841050436232706198e-16,1.000000000000000000e+00,2.105719157007619469e-01
-2.487499999999999822e+00,1.025702840883613742e+00,-4.579954516350314489e-16,1.000000000000000000e+00,2.105719157007619469e-01
-2.482499999999999929e+00,1.030652831007141890e+00,0.000000000000000000e+00,1.000000000000000000e+00,2.105719157007619469e-01
-2.477500000000000036e+00,1.035583664109083646e+00,2.602127484206359684e-16,1.000000000000000000e+00,2.105719157007619469e-01
-2.472500000000000142e+00,1.040492258579254869e+00,9.928328133889984048e-16,1.000000000000000000e+00,2.105719157007619469e-01
-2.467499999999999805e+00,1.045375546705894720e+00,1.832787672723500834e-15,1.000000000000000000e+00,2.105719157007619469e-01
-2.462499999999999911e+00,1.050230476592880491e+00,1.388641082058394898e-15,1.000000000000000000e+00,2.105719157007619469e-01
-2.457500000000000018e+00,1.055054014067068779e+00,-4.224825763384820409e-18,1.000000000000000000e+00,2.105719157007619469e-01
-2.452500000000000124e+00,1.059843144574550200e+00,-3.125032279227092527e-16,1.000000000000000000e+00,2.105719157007619469e-01
-2.447499999999999787e+00,1.064594875064651669e+00,-1.118542328550254062e-16,1.000000000000000000e+00,2.105719157007619469e-01
-2.442499999999999893e+00,1.069306235860491450e+00,1.681959542956074513e-16,1.000000000000000000e+00,2.105719157007619469e-01
-2.437500000000000000e+00,1.073974282514933209e+00,2.491828665318200307e-16,1.000000000000000000e+00,2.105719157007619469e-01
-2.432500000000000107e+00,1.078596097650770247e+00,5.615213613079182812e-18,1.000000000000000000e+00,2.105719157007619469e-01
-2.427500000000000213e+00,1.083168792783989254e+00,-5.289608967502655670e-16,1.000000000000000000e+00,2.105719157007619469e-01
-2.422499999999999876e+00,1.087689510128979631e+00,-5.749437357051665580e-16,1.000000000000000000e+00,2.105719157007619469e-01
-2.417499999999999982e+00,1.092155424384555484e+00,-5.283947718213309208e-18,1.000000000000000000e+00,2.105719157007619469e-01
-2.412500000000000089e+00,1.096563744499679860e+00,6.797074038551910803e-16,1.000000000000000000e+00,2.105719157007619469e-01
-2.407500000000000195e+00,1.100911715417777215e+00,3.695638708051390769e-16,1.000000000000000000e+00,2.105719157007619469e-01
-2.402499999999999858e+00,1.105196619798557212e+00,3.056138063511102918e-17,1.000000000000000000e+00,2.105719157007619469e-01
-2.397499999999999964e+00,1.109415779716260264e+00,1.632307131652432082e-17,1.000000000000000000e+00,2.105719157007619469e-01
-2.392500000000000071e+00,1.113566558333278333e+00,1.451484135760405327e-16,1.000000000000000000e+00,2.105719157007619469e-01
-2.387500000000000178e+00,1.117646361548089162e+00,-2.122568832829778675e-16,1.000000000000000000e+00,2.105719157007619469e-01
-2.382499999999999840e+00,1.121652639616486979e+00,-9.966329215223004389e-16,1.000000000000000000e+00,2.105719157007619469e-01
-2.377499999999999947e+00,1.125582888745088717e+00,-1.642999121910306589e-15,1.000000000000000000e+00,2.105719157007619469e-01
-2.372500000000000053e+00,1.129434652656123861e+00,-1.081886793974098127e-15,1.000000000000000000e+00,2.105719157007619469e-01
-2.367500000000000160e+00,1.133205524122529173e+00,-3.626102943683515647e-16,1.000000000000000000e+00,2.105719157007619469e-01
-2.362499999999999822e+00,1.136893146472384819e+00,0.000000000000000000e+00,1.000000000000000000e+00,2.105719157007619469e-01
-2.357499999999999929e+00,1.140495215061759549e+00,0.000000000000000000e+00,1.000000000000000000e+00,2.105719157007619469e-01
-2.352500000000000036e+00,1.144009478715037442e+00,4.160009558556143084e-17,1.000000000000000000e+00,2.105719157007619469e-01
-2.347500000000000142e+00,1.147433741131828944e+00,-4.147594929393498949e-17,1.000000000000000000e+00,2.105719157007619469e-01
-2.342499999999999805e+00,1.150765862259589101e+00,1.396057617787657867e-16,1.000000000000000000e+00,2.105719157007619469e-01
-2.337499999999999911e+00,1.154003759631077042e+00,1.088881467521101622e-15,1.000000000000000000e+00,2.105719157007619469e-01
-2.332500000000000018e+00,1.157145409665834679e+00,1.546014238373326093e-15,1.000000000000000000e+00,2.105719157007619469e-01
-2.327500000000000124e+00,1.160188848934854855e+00,1.100492230695184909e-15,1.000000000000000000e+00,2.105719157007619469e-01
-2.322500000000000231e+00,1.163132175387663114e+00,1.645996006941119810e-16,1.000000000000000000e+00,2.105719157007619469e-01
-2.317499999999999893e+00,1.165973549541035714e+00,-2.008738622273643948e-17,1.000000000000000000e+00,2.105719157007619469e-01
-2.312500000000000000e+00,1.168711195628617139e+00,2.108057726053491775e-17,1.000000000000000000e+00,2.105719157007619469e-01
-2.307500000000000107e+00,1.171343402710717019e+00,-1.160839168328565011e-16,1.000000000000000000e+00,2.105719157007619469e-01
-2.302500000000000213e+00,1.173868525743591684e+00,-9.252128598386920735e-17,1.000000000000000000e+00,2.105719157007619469e-01
-2.297499999999999876e+00,1.176284986607541327e+00,8.506035153621713320e-17,1.000000000000000000e+00,2.105719157007619469e-01
-2.292499999999999982e+00,1.178591275093185065e+00,7.286678878250852663e-17,1.000000000000000000e+00,2.105719157007619469e-01
-2.287500000000000089e+00,1.180785949845292615e+00,-6.910571530644999415e-16,1.000000000000000000e+00,2.105719157007619469e-01
-2.282500000000000195e+00,1.182867639263583515e+00,-1.721886022322852593e-15,1.000000000000000000e+00,2.105719157007619469e-01
-2.277499999999999858e+00,1.184835042359933421e+00,-1.489013498925234477e-15,1.000000000000000000e+00,2.105719157007619469e-01
-2.272499999999999964e+00,1.186686929571448612e+00,2.731802880982326982e-18,1.000000000000000000e+00,2.105719157007619469e-01
-2.267500000000000071e+00,1.188422143528903741e+00,1.218692691565357202e-15,1.000000000000000000e+00,2.105719157007619469e-01
-2.262500000000000178e+00,1.190039599780058577e+00,1.562254367007785995e-15,1.000000000000000000e+00,2.105719157007619469e-01
-2.257499999999999840e+00,1.191538287467406976e+00,1.016659054478675956e-15,1.000000000000000000e+00,2.105719157007619469e-01
-2.252499999999999947e+00,1.192917269959928639e+00,1.276904235004700653e-16,1.000000000000000000e+00,2.105719157007619469e-01
-2.247500000000000053e+00,1.194175685438453538e+00,0.000000000000000000e+00,1.000000000000000000e+00,2.105719157007619469e-01
-2.242500000000000160e+00,1.195312747434271072e+00,-2.598674066662912121e-16,1.000000000000000000e+00,2.105719157007619469e-01
-2.237499999999999822e+00,1.196327745320646230e+00,-7.475502972174951387e-16,1.000000000000000000e+00,2.105719157007619469e-01
-2.232499999999999929e+00,1.197220044756940105e+00,-3.566323231293072936e-16,1.000000000000000000e+00,2.105719157007619469e-01
-2.227500000000000036e+00,1.197989088085050557e+00,6.600184973101066835e-16,1.000000000000000000e+00,2.105719157007619469e-01
-2.222500000000000142e+00,1.198634394677930759e+00,7.031596851010692820e-16,1.000000000000000000e+00,2.105719157007619469e-01
-2.217500000000000249e+00,1.199155561239965806e+00,-5.895132938170225958e-16,1.000000000000000000e+00,2.105719157007619469e-01
-2.212499999999999911e+00,1.199552262059019547e+00,-1.512418955707074392e-15,1.000000000000000000e+00,2.105719157007619469e-01
-2.207500000000000018e+00,1.199824249209992644e+00,-1.363867324108584319e-15,1.000000000000000000e+00,2.105719157007619469e-01
-2.202500000000000124e+00,1.199971352709769734e+00,-4.320904943052098663e-16,1.000000000000000000e+00,2.105719157007619469e-01
-2.197500000000000231e+00,1.199993480623451791e+00,0.000000000000000000e+00,1.000000000000000000e+00,2.105719157007619469e-01
-2.192499999999999893e+00,1.199890619121813051e+00,2.196737570582561274e-16,1.000000000000000000e+00,2.105719157007619469e-01
-2.187500000000000000e+00,1.199662832489943654e+00,2.672960475303075394e-16,1.000000000000000000e+00,2.105719157007619469e-01
-2.182500000000000107e+00,1.199310263087073558e+00,1.936930047138407058e-16,1.000000000000000000e+00,2.105719157007619469e-01
-2.177500000000000213e+00,1.198833131257603490e+00,5.278701551450998907e-17,1.000000000000000000e+00,2.105719157007619469e-01
-2.172499999999999876e+00,1.198231735193395098e+00,-9.947238951238842781e-17,1.000000000000000000e+00,2.105719157007619469e-01
-2.167499999999999982e+00,1.197506450747412465e+00,-2.135802319246190987e-16,1.000000000000000000e+00,2.105719157007619469e-01
-2.162500000000000089e+00,1.196657731198825125e+00,-2.469627365067677895e-16,1.000000000000000000e+00,2.105719157007619469e-01
-2.157500000000000195e+00,1.195686106969723994e+00,-1.750843276050907551e-16,1.000000000000000000e+00,2.105719157007619469e-01
-2.152499999999999858e+00,1.194592185293624542e+00,3.392358928127068909e-19,1.000000000000000000e+00,2.105719157007619469e-01
-2.147499999999999964e+00,1.193376649835965697e+00,2.388742393342617440e-16,1.000000000000000000e+00,2.105719157007619469e-01
-2.142500000000000071e+00,1.192040260266840956e+00,5.644200489677131853e-16,1.000000000000000000e+00,2.105719157007619469e-01
-2.137500000000000178e+00,1.190583851786229719e+00,1.620317043550539783e-16,1.000000000000000000e+00,2.105719157007619469e-01
-2.132499999999999840e+00,1.189008334602024375e+00,-4.823111935198192492e-17,1.000000000000000000e+00,2.105719157007619469e-01
-2.127499999999999947e+00,1.187314693361179563e+00,7.669007609074649492e-18,1.000000000000000000e+00,2.105719157007619469e-01
-2.122500000000000053e+00,1.185503986534340637e+00,-4.509618989463272535e-16,1.000000000000000000e+00,2.105719157007619469e-01
-2.117500000000000160e+00,1.183577345754333043e+00,-4.801858842203990106e-16,1.000000000000000000e+00,2.105719157007619469e-01
-2.112500000000000266e+00,1.181535975108929826e+00,0.000000000000000000e+00,1.000000000000000000e+00,2.105719157007619469e-01
-2.107499999999999929e+00,1.179381150388334021e+00,1.684084014104554185e-16,1.000000000000000000e+00,2.105719157007619469e-01
-2.102500000000000036e+00,1.177114218287854452e+00,-1.687327288250907666e-16,1.000000000000000000e+00,2.105719157007619469e-01
-2.097500000000000142e+00,1.174736595566261865e+00,6.035095492741336822e-16,1.000000000000000000e+00,2.105719157007619469e-01
-2.092500000000000249e+00,1.172249768160361860e+00,1.531632187375709247e-15,1.000000000000000000e+00,2.105719157007619469e-01
-2.087499999999999911e+00,1.169655290256333302e+00,1.254373571993644834e-15,1.000000000000000000e+00,2.105719157007619469e-01
-2.082500000000000018e+00,1.166954783318412847e+00,6.026114993172766519e-16,1.000000000000000000e+00,2.105719157007619469e-01
-2.077500000000000124e+00,1.164149935075531328e+00,1.044320497682815181e-18,1.000000000000000000e+00,2.105719157007619469e-01
-2.072500000000000231e+00,1.161242498466538597e+00,-5.215228518247618087e-16,1.000000000000000000e+00,2.105719157007619469e-01
-2.067499999999999893e+00,1.158234290544673861e+00,-1.266018250813373672e-17,1.000000000000000000e+00,2.105719157007619469e-01
-2.062500000000000000e+00,1.155127191341967618e+00,3.064167186282155613e-16,1.000000000000000000e+00,2.105719157007619469e-01
-2.057500000000000107e+00,1.151923142694280866e+00,-2.936837834225119196e-16,1.000000000000000000e+00,2.105719157007619469e-01
-2.052500000000000213e+00,1.148624147027721420e+00,-1.423034084951946958e-15,1.000000000000000000e+00,2.105719157007619469e-01
-2.047499999999999876e+00,1.145232266107194530e+00,-1.543567197394808027e-15,1.000000000000000000e+00,2.105719157007619469e-01
-2.042499999999999982e+00,1.141749619747865374e+00,-5.860636416651880817e-16,1.000000000000000000e+00,2.105719157007619469e-01
-2.037500000000000089e+00,1.138178384490342809e+00,2.378028884200170292e-17,1.000000000000000000e+00,2.105719157007619469e-01
-2.032500000000000195e+00,1.134520792240414577e+00,-2.279367475656460029e-17,1.000000000000000000e+00,2.105719157007619469e-01
-2.027499999999999858e+00,1.130779128874176642e+00,7.848917076810817717e-17,1.000000000000000000e+00,2.105719157007619469e-01
-2.022499999999999964e+00,1.126955732809437061e+00,3.225292057415355441e-16,1.000000000000000000e+00,2.105719157007619469e-01
-2.017500000000000071e+00,1.123052993544278788e+00,-1.245016217232673188e-16,1.000000000000000000e+00,2.105719157007619469e-01
-2.012500000000000178e+00,1.119073350163703129e+00,-2.802447644087148542e-16,1.000000000000000000e+00,2.105719157007619469e-01
-2.007500000000000284e+00,1.115019289815280645e+00,0.000000000000000000e+00,1.000000000000000000e+00,2.105719157007619469e-01
-2.002499999999999947e+00,1.110893346154762318e+00,0.000000000000000000e+00,1.000000000000000000e+00,2.105719157007619469e-01
-1.997500000000000053e+00,1.106698097762631949e+00,7.554713555635684231e-16,1.000000000000000000e+00,2.105719157007619469e-01
-1.992500000000000160e+00,1.102436166532572814e+00,1.362200574488685232e-15,1.000000000000000000e+00,2.105719157007619469e-01
-1.987500000000000266e+00,1.098110216032872399e+00,1.368282496454290879e-15,1.000000000000000000e+00,2.105719157007619469e-01
-1.982499999999999929e+00,1.093722949841775982e+00,7.637152570032115703e-16,1.000000000000000000e+00,2.105719157007619469e-01
-1.977500000000000036e+00,1.089277109857842651e+00,-7.440687826040018680e-19,1.000000000000000000e+00,2.105719157007619469e-01
-1.972500000000000142e+00,1.084775474586343824e+00,1.867891356410405011e-18,1.000000000000000000e+00,2.105719157007619469e-01
-1.967500000000000249e+00,1.080220857402789170e+00,-1.125460253099124087e-18,1.000000000000000000e+00,2.105719157007619469e-01
-1.962499999999999911e+00,1.075616104794659078e+00,-8.504133344822026609e-17,1.000000000000000000e+00,2.105719157007619469e-01
-1.957500000000000018e+00,1.070964094582442794e+00,-2.771398899268927759e-17,1.000000000000000000e+00,2.105719157007619469e-01
-1.952500000000000124e+00,1.066267734121093991e+00,1.136229776837481052e-16,1.000000000000000000e+00,2.105719157007619469e-01
-1.947500000000000231e+00,1.061529958483027114e+00,0.000000000000000000e+00,1.000000000000000000e+00,2.105719157007619469e-01
-1.942499999999999893e+00,1.056753728623794464e+00,-9.902864956452817171e-16,1.000000000000000000e+00,2.105719157007619469e-01
-1.937500000000000000e+00,1.051942029531586220e+00,-1.611643445239741204e-15,1.000000000000000000e+00,2.105719157007619469e-01
-1.932500000000000107e+00,1.047097868361706929e+00,-1.361766961747943196e-15,1.000000000000000000e+00,2.105719157007619469e-01
-1.927500000000000213e+00,1.042224272557202847e+00,-4.873116949816749730e-16,1.000000000000000000e+00,2.105719157007619469e-01
-1.922499999999999876e+00,1.037324287956809643e+00,0.000000000000000000e+00,1.000000000000000000e+00,2.105719157007619469e-01
-1.917499999999999982e+00,1.032400976891402200e+00,1.086103440509487994e-15,1.000000000000000000e+00,2.105719157007619469e-01
-1.912500000000000089e+00,1.027457416270134649e+00,1.953404151626126899e-15,1.000000000000000000e+00,2.105719157007619469e-01
-1.907500000000000195e+00,1.022496695657476140e+00,1.349167768437923074e-15,1.000000000000000000e+00,2.105719157007619469e-01
-1.902500000000000302e+00,1.017521915342330274e+00,3.764076853896980854e-16,1.000000000000000000e+00,2.105719157007619469e-01
-1.897499999999999964e+00,1.012536184400458339e+00,-2.619942584610110287e-16,1.000000000000000000e+00,2.105719157007619469e-01
-1.892500000000000071e+00,1.007542618751406716e+00,-2.589298918104465937e-16,1.000000000000000000e+00,2.105719157007619469e-01
-1.887500000000000178e+00,1.002544339211158153e+00,-2.139653567857844186e-17,1.000000000000000000e+00,2.105719157007619469e-01
-1.882500000000000284e+00,9.975444695417249319e-01,1.702135274752573183e-16,1.000000000000000000e+00,2.105719157007619469e-01
-1.877499999999999947e+00,9.925461344988962820e-01,1.732856453531385854e-16,1.000000000000000000e+00,2.105719157007619469e-01
-1.872500000000000053e+00,9.875524578793728470e-01,-9.516176293444837934e-18,1.000000000000000000e+00,2.105719157007619469e-01
-1.867500000000000160e+00,9.825665605684894555e-01,-2.102842650596515992e-16,1.000000000000000000e+00,2.105719157007619469e-01
-1.862500000000000266e+00,9.775915585897682059e-01,-2.461808986684459076e-16,1.000000000000000000e+00,2.105719157007619469e-01
-1.857499999999999929e+00,9.726305611575013499e-01,-8.061212435375950546e-17,1.000000000000000000e+00,2.105719157007619469e-01
-1.852500000000000036e+00,9.676866687335976547e-01,1.898430666629029466e-16,1.000000000000000000e+00,2.105719157007619469e-01
-1.847500000000000142e+00,9.627629710898916171e-01,3.402896932503118955e-16,1.000000000000000000e+00,2.105719157007619469e-01
-1.842500000000000249e+00,9.578625453771366649e-01,1.499333117796991110e-17,1.000000000000000000e+00,2.105719157007619469e-01
-1.837499999999999911e+00,9.529884542018869364e-01,-1.261044210291613978e-15,1.000000000000000000e+00,2.105719157007619469e-01
-1.832500000000000018e+00,9.481437437124695666e-01,-2.030589499006313943e-15,1.000000000000000000e+00,2.105719157007619469e-01
-1.827500000000000124e+00,9.433314416952381931e-01,-1.600438709885330848e-15,1.000000000000000000e+00,2.105719157007619469e-01
-1.822500000000000231e+00,9.385545556823058355e-01,-4.138313010683187380e-17,1.000000000000000000e+00,2.105719157007619469e-01
-1.817499999999999893e+00,9.338160710719359825e-01,1.783363609111449552e-15,1.000000000000000000e+00,2.105719157007619469e-01
-1.812500000000000000e+00,9.291189492627670576e-01,2.179268804007363137e-15,1.000000000000000000e+00,2.105719157007619469e-01
-1.807500000000000107e+00,9.244661258030311135e-01,1.062516433924571377e-15,1.000000000000000000e+00,2.105719157007619469e-01
-1.802500000000000213e+00,9.198605085559341532e-01,-2.394644332384070104e-17,1.000000000000000000e+00,2.105719157007619469e-01
-1.797500000000000320e+00,9.153049758823367243e-01,-8.067230705061344991e-16,1.000000000000000000e+00,2.105719157007619469e-01
-1.792499999999999982e+00,9.108023748418707655e-01,-1.536719626533209466e-15,1.000000000000000000e+00,2.105719157007619469e-01
-1.787500000000000089e+00,9.063555194136205806e-01,-1.883221404637371691e-15,1.000000000000000000e+00,2.105719157007619469e-01
-1.782500000000000195e+00,9.019671887374778319e-01,-8.929958579562888542e-16,1.000000000000000000e+00,2.105719157007619469e-01
-1.777500000000000302e+00,8.976401253772680056e-01,1.577938536668069928e-17,1.000000000000000000e+00,2.105719157007619469e-01
-1.772499999999999964e+00,8.933770336067397011e-01,-1.585468276673710277e-17,1.000000000000000000e+00,2.105719157007619469e-01
-1.767500000000000071e+00,8.891805777194797811e-01,0.000000000000000000e+00,1.000000000000000000e+00,2.105719157007619469e-01
-1.762500000000000178e+00,8.850533803638173103e-01,0.000000000000000000e+00,1.000000000000000000e+00,2.105719157007619469e-01
-1.757500000000000284e+00,8.809980209037536758e-01,0.000000000000000000e+00,1.000000000000000000e+00,2.105719157007619469e-01
-1.752499999999999947e+00,8.770170338069430693e-01,0.000000000000000000e+00,1.000000000000000000e+00,2.105719157007619469e-01
-1.747500000000000053e+00,8.731129070607352993e-01,0.000000000000000000e+00,1.000000000000000000e+00,2.105719157007619469e-01
-1.742500000000000160e+00,8.692880806172610386e-01,0.000000000000000000e+00,1.000000000000000000e+00,2.105719157007619469e-01
-1.737500000000000266e+00,8.655449448685447189e-01,6.154002046647192883e-16,1.000000000000000000e+00,2.105719157007619469e-01
-1.732499999999999929e+00,8.618858391525839879e-01,1.250622478631130637e-15,1.000000000000000000e+00,2.105719157007619469e-01
-1.727500000000000036e+00,8.583130502913431936e-01,1.541232961875781523e-15,1.000000000000000000e+00,2.105719157007619469e-01
-1.722500000000000142e+00,8.548288111615611751e-01,1.337061072915525068e-15,1.000000000000000000e+00,2.105719157007619469e-01
-1.717500000000000249e+00,8.514352992992770819e-01,7.038312255750112812e-16,1.000000000000000000e+00,2.105719157007619469e-01
-1.712499999999999911e+00,8.481346355389406400e-01,-6.977686411018335756e-17,1.000000000000000000e+00,2.105719157007619469e-01
-1.707500000000000018e+00,8.449288826879616243e-01,-4.467665518148341604e-16,1.000000000000000000e+00,2.105719157007619469e-01
-1.702500000000000124e+00,8.418200442375201042e-01,1.508616240147629732e-16,1.000000000000000000e+00,2.105719157007619469e-01
-1.697500000000000231e+00,8.388100631104500327e-01,3.691751127880474399e-16,1.000000000000000000e+00,2.105719157007619469e-01
-1.692499999999999893e+00,8.359008204469767778e-01,-1.454413741244334175e-18,1.000000000000000000e+00,2.105719157007619469e-01
-1.687500000000000000e+00,8.330941344290656581e-01,1.459313646960998112e-18,1.000000000000000000e+00,2.105719157007619469e-01
-1.682500000000000107e+00,8.303917591441158930e-01,0.000000000000000000e+00,1.000000000000000000e+00,2.105719157007619469e-01
-1.677500000000000213e+00,8.277953834887143980e-01,-7.335747380638997067e-16,1.000000000000000000e+00,2.105719157007619469e-01
-1.672500000000000320e+00,8.253066301131302129e-01,-1.679165417546052581e-15,1.000000000000000000e+00,2.105719157007619469e-01
-1.667499999999999982e+00,8.229270544072105897e-01,-1.131168514231952667e-15,1.000000000000000000e+00,2.105719157007619469e-01
-1.662500000000000089e+00,8.206581435283133441e-01,7.160486457613988990e-16,1.000000000000000000e+00,2.105719157007619469e-01
-1.657500000000000195e+00,8.185013154718815409e-01,1.753752724645175544e-15,1.000000000000000000e+00,2.105719157007619469e-01
-1.652500000000000302e+00,8.164579181852423817e-01,1.065089974303101070e-15,1.000000000000000000e+00,2.105719157007619469e-01
-1.647499999999999964e+00,8.145292287251848506e-01,-9.881858400478307565e-16,1.000000000000000000e+00,2.105719157007619469e-01
-1.642500000000000071e+00,8.127164524598399220e-01,-2.266667365450298658e-15,1.000000000000000000e+00,2.105719157007619469e-01
-1.637500000000000178e+00,8.110207223153649281e-01,-1.942775774655578949e-15,1.000000000000000000e+00,2.105719157007619469e-01
-1.632500000000000284e+00,8.094430980679018228e-01,-5.104596461084001384e-16,1.000000000000000000e+00,2.105719157007619469e-01
-1.627499999999999947e+00,8.079845656812512100e-01,1.916121604555698866e-16,1.000000000000000000e+00,2.105719157007619469e-01
-1.622500000000000053e+00,8.066460366906778034e-01,9.581679864830304138e-17,1.000000000000000000e+00,2.105719157007619469e-01
-1.617500000000000160e+00,8.054283476332294578e-01,-1.351316971214353189e-16,1.000000000000000000e+00,2.105719157007619469e-01
-1.612500000000000266e+00,8.043322595249297047e-01,-1.638118223297881339e-16,1.000000000000000000e+00,2.105719157007619469e-01
-1.607499999999999929e+00,8.033584573851668686e-01,1.513328985833545122e-18,1.000000000000000000e+00,2.105719157007619469e-01
-1.602500000000000036e+00,8.025075498085797454e-01,-1.514933585192419417e-18,1.000000000000000000e+00,2.105719157007619469e-01
-1.597500000000000142e+00,8.017800685847056297e-01,0.000000000000000000e+00,1.000000000000000000e+00,2.105719157007619469e-01
-1.592500000000000249e+00,8.011764683656287245e-01,0.000000000000000000e+00,1.000000000000000000e+00,2.105719157007619469e-01
-1.587499999999999911e+00,8.006971263818379869e-01,0.000000000000000000e+00,1.000000000000000000e+00,2.105719157007619469e-01
-1.582500000000000018e+00,8.003423422064699366e-01,1.999669687301788592e-18,1.000000000000000000e+00,2.105719157007619469e-01
-1.577500000000000124e+00,8.001123375680855299e-01,-2.000244523211348708e-18,1.000000000000000000e+00,2.105719157007619469e-01
-1.572500000000000231e+00,8.000072562120968955e-01,0.000000000000000000e+00,1.000000000000000000e+00,2.105719157007619469e-01
-1.567500000000000338e+00,8.000271638109307526e-01,3.301486170256130987e-17,1.000000000000000000e+00,2.105719157007619469e-01
-1.562500000000000000e+00,8.001720479229860183e-01,3.329900959397629296e-17,1.000000000000000000e+00,2.105719157007619469e-01
-1.557500000000000107e+00,8.004418180004087002e-01,8.793171091767768914e-16,1.000000000000000000e+00,2.105719157007619469e-01
-1.552500000000000213e+00,8.008363054456819619e-01,2.126296783968949770e-15,1.000000000000000000e+00,2.105719157007619469e-01
-1.547500000000000320e+00,8.013552637169935045e-01,1.991904166760849483e-15,1.000000000000000000e+00,2.105719157007619469e-01
-1.542499999999999982e+00,8.019983684823167591e-01,4.810283573403766076e-16,1.000000000000000000e+00,2.105719157007619469e-01
-1.537500000000000089e+00,8.027652178221071910e-01,-5.991238653199025771e-16,1.000000000000000000e+00,2.105719157007619469e-01
-1.532500000000000195e+00,8.036553324804893705e-01,-7.762783997921385596e-16,1.000000000000000000e+00,2.105719157007619469e-01
-1.527500000000000302e+00,8.046681561647764935e-01,-5.512579614694434337e-16,1.000000000000000000e+00,2.105719157007619469e-01
-1.522499999999999964e+00,8.058030558931347231e-01,-1.165672564725935126e-15,1.000000000000000000e+00,2.105719157007619469e-01
-1.517500000000000071e+00,8.070593223901761926e-01,-1.451894134977992611e-15,1.000000000000000000e+00,2.105719157007619469e-01
-1.512500000000000178e+00,8.084361705302336443e-01,-9.676204869418369742e-16,1.000000000000000000e+00,2.105719157007619469e-01
-1.507500000000000284e+00,8.099327398280379287e-01,0.000000000000000000e+00,1.000000000000000000e+00,2.105719157007619469e-01
-1.502499999999999947e+00,8.115480949764933838e-01,4.185379289749284732e-16,1.000000000000000000e+00,2.105719157007619469e-01
-1.497500000000000053e+00,8.132812264312140327e-01,1.549753225152631864e-16,1.000000000000000000e+00,2.105719157007619469e-01
-1.492500000000000160e+00,8.151310510414568888e-01,1.324067749365318555e-16,1.000000000000000000e+00,2.105719157007619469e-01
-1.487500000000000266e+00,8.170964127270545774e-01,1.474872007313781964e-15,1.000000000000000000e+00,2.105719157007619469e-01
-1.482499999999999929e+00,8.191760832009293836e-01,2.391528154195813074e-15,1.000000000000000000e+00,2.105719157007619469e-01
-1.477500000000000036e+00,8.213687627367307620e-01,1.284211582157647312e-15,1.000000000000000000e+00,2.105719157007619469e-01
-1.472500000000000142e+00,8.236730809811239062e-01,-1.435248877647308687e-16,1.000000000000000000e+00,2.105719157007619469e-01
-1.467500000000000249e+00,8.260875978102149020e-01,1.471690947543798934e-18,1.000000000000000000e+00,2.105719157007619469e-01
-1.462500000000000355e+00,8.286108042295814435e-01,1.467209494939981304e-18,1.000000000000000000e+00,2.105719157007619469e-01
-1.457500000000000018e+00,8.312411233173455649e-01,-9.931484925091293405e-16,1.000000000000000000e+00,2.105719157007619469e-01
-1.452500000000000124e+00,8.339769112096974135e-01,-1.788561986395381794e-15,1.000000000000000000e+00,2.105719157007619469e-01
-1.447500000000000231e+00,8.368164581282585557e-01,-1.799289006238806140e-15,1.000000000000000000e+00,2.105719157007619469e-01
-1.442500000000000338e+00,8.397579894486357777e-01,-1.016973481137564445e-15,1.000000000000000000e+00,2.105719157007619469e-01
-1.437500000000000000e+00,8.427996668095054655e-01,5.755979589847422989e-18,1.000000000000000000e+00,2.105719157007619469e-01
-1.432500000000000107e+00,8.459395892615270141e-01,1.470241555896333067e-16,1.000000000000000000e+00,2.105719157007619469e-01
-1.427500000000000213e+00,8.491757944553773862e-01,-4.698172354909218255e-17,1.000000000000000000e+00,2.105719157007619469e-01
-1.422500000000000320e+00,8.525062598681532045e-01,-1.047839215463766890e-16,1.000000000000000000e+00,2.105719157007619469e-01
-1.417499999999999982e+00,8.559289040673832005e-01,3.692879295468656835e-16,1.000000000000000000e+00,2.105719157007619469e-01
-1.412500000000000089e+00,8.594415880118544404e-01,1.204899814948972285e-15,1.000000000000000000e+00,2.105719157007619469e-01
-1.407500000000000195e+00,8.630421163884440805e-01,1.954570010657527521e-15,1.000000000000000000e+00,2.105719157007619469e-01
-1.402500000000000302e+00,8.667282389841197698e-01,1.889334506591811116e-15,1.000000000000000000e+00,2.105719157007619469e-01
-1.397499999999999964e+00,8.704976520922472760e-01,-4.655366336154354459e-19,1.000000000000000000e+00,2.105719157007619469e-01
-1.392500000000000071e+00,8.743479999523335877e-01,-1.990811753413456141e-15,1.000000000000000000e+00,2.105719157007619469e-01
-1.387500000000000178e+00,8.782768762223004400e-01,-2.310463371858975831e-15,1.000000000000000000e+00,2.105719157007619469e-01
-1.382500000000000284e+00,8.822818254823696638e-01,-1.026595957331521690e-15,1.000000000000000000e+00,2.105719157007619469e-01
-1.377499999999999947e+00,8.863603447696208892e-01,0.000000000000000000e+00,1.000000000000000000e+00,2.105719157007619469e-01
-1.372500000000000053e+00,8.905098851422599271e-01,1.179739635927366819e-16,1.000000000000000000e+00,2.105719157007619469e-01
-1.367500000000000160e+00,8.947278532726283817e-01,-2.944988107810118701e-17,1.000000000000000000e+00,2.105719157007619469e-01
-1.362500000000000266e+00,8.990116130679448592e-01,-8.754875993648925386e-17,1.000000000000000000e+00,2.105719157007619469e-01
-1.357500000000000373e+00,9.033584873177802343e-01,1.345806406474626022e-18,1.000000000000000000e+00,2.105719157007619469e-01
-1.352500000000000036e+00,9.077657593672250336e-01,-1.339272413648818211e-18,1.000000000000000000e+00,2.105719157007619469e-01
-1.347500000000000142e+00,9.122306748147108735e-01,1.332717341282602557e-18,1.000000000000000000e+00,2.105719157007619469e-01
-1.342500000000000249e+00,9.167504432334228071e-01,-1.326146770420424037e-18,1.000000000000000000e+00,2.105719157007619469e-01
-1.337500000000000355e+00,9.213222399152236619e-01,0.000000000000000000e+00,1.000000000000000000e+00,2.105719157007619469e-01
-1.332500000000000018e+00,9.259432076360063490e-01,0.000000000000000000e+00,1.000000000000000000e+00,2.105719157007619469e-01
-1.327500000000000124e+00,9.306104584413632530e-01,3.024566262496968843e-16,1.000000000000000000e+00,2.105719157007619469e-01
-1.322500000000000231e+00,9.353210754514675873e-01,6.576022487408541102e-16,1.000000000000000000e+00,2.105719157007619469e-01
-1.317500000000000338e+00,9.400721146840245179e-01,9.259869062574206667e-16,1.000000000000000000e+00,2.105719157007619469e-01
-1.312500000000000000e+00,9.448606068941677316e-01,1.035066563589492742e-15,1.000000000000000000e+00,2.105719157007619469e-01
-1.307500000000000107e+00,9.496835594301368255e-01,9.588446102381182311e-16,1.000000000000000000e+00,2.105719157007619469e-01
-1.302500000000000213e+00,9.545379581035913219e-01,7.124762710624879340e-16,1.000000000000000000e+00,2.105719157007619469e-01
-1.297500000000000320e+00,9.594207690733775884e-01,3.543018390766879322e-16,1.000000000000000000e+00,2.105719157007619469e-01
-1.292499999999999982e+00,9.643289407415824854e-01,4.925503503926576272e-18,1.000000000000000000e+00,2.105719157007619469e-01
-1.287500000000000089e+00,9.692594056606805841e-01,-1.198647448913178667e-16,1.000000000000000000e+00,2.105719157007619469e-01
-1.282500000000000195e+00,9.742090824505907909e-01,-9.243587600581188489e-19,1.000000000000000000e+00,2.105719157007619469e-01
-1.277500000000000302e+00,9.791748777244392299e-01,1.114090213956210593e-16,1.000000000000000000e+00,2.105719157007619469e-01
-1.272499999999999964e+00,9.841536880218230143e-01,-2.766416227783869905e-16,1.000000000000000000e+00,2.105719157007619469e-01
-1.267500000000000071e+00,9.891424017483730902e-01,-1.392293679404952671e-15,1.000000000000000000e+00,2.105719157007619469e-01
-1.262500000000000178e+00,9.941379011204003469e-01,-1.736658553865091420e-15,1.000000000000000000e+00,2.105719157007619469e-01
-1.257500000000000284e+00,9.991370641134078578e-01,-9.087371311608813725e-16,1.000000000000000000e+00,2.105719157007619469e-01
-1.252500000000000391e+00,1.004136766413254556e+00,4.282579601590941183e-16,1.000000000000000000e+00,2.105719157007619469e-01
-1.247500000000000053e+00,1.009133883368751095e+00,5.771042032037546293e-16,1.000000000000000000e+00,2.105719157007619469e-01
-1.242500000000000160e+00,1.014125291944462548e+00,-4.013499628777163247e-16,1.000000000000000000e+00,2.105719157007619469e-01
-1.237500000000000266e+00,1.019107872672506465e+00,-7.616989339074195864e-16,1.000000000000000000e+00,2.105719157007619469e-01
-1.232500000000000373e+00,1.024078511602118713e+00,-2.113558868624194415e-16,1.000000000000000000e+00,2.105719157007619469e-01
-1.227500000000000036e+00,1.029034102245768967e+00,2.479736831818911120e-17,1.000000000000000000e+00,2.105719157007619469e-01
-1.222500000000000142e+00,1.033971547520616374e+00,-2.585475717300419450e-17,1.000000000000000000e+00,2.105719157007619469e-01
-1.217500000000000249e+00,1.038887761684084809e+00,6.588642654929507475e-18,1.000000000000000000e+00,2.105719157007619469e-01
-1.212500000000000355e+00,1.043779672262352021e+00,1.732748364573181632e-17,1.000000000000000000e+00,2.105719157007619469e-01
-1.207500000000000018e+00,1.048644221970545631e+00,-4.757819284830243771e-19,1.000000000000000000e+00,2.105719157007619469e-01
-1.202500000000000124e+00,1.053478370623444738e+00,-2.319175232473801715e-17,1.000000000000000000e+00,2.105719157007619469e-01
-1.197500000000000231e+00,1.058279097035500493e+00,0.000000000000000000e+00,1.000000000000000000e+00,2.105719157007619469e-01
-1.192500000000000338e+00,1.063043400908975311e+00,1.347785703665643150e-16,1.000000000000000000e+00,2.105719157007619469e-01
-1.187500000000000000e+00,1.067768304709034055e+00,1.462141273880103080e-16,1.000000000000000000e+00,2.105719157007619469e-01
-1.182500000000000107e+00,1.072450855524602620e+00,-6.205488124098544271e-18,1.000000000000000000e+00,2.105719157007619469e-01
-1.177500000000000213e+00,1.077088126913845700e+00,-1.848123352492416513e-16,1.000000000000000000e+00,2.105719157007619469e-01
-1.172500000000000320e+00,1.081677220733094247e+00,-8.660996634690974772e-17,1.000000000000000000e+00,2.105719157007619469e-01
-1.167499999999999982e+00,1.086215268948093282e+00,7.415817031176673420e-16,1.000000000000000000e+00,2.105719157007619469e-01
-1.162500000000000089e+00,1.090699435426427666e+00,1.605627014140889617e-15,1.000000000000000000e+00,2.105719157007619469e-01
-1.157500000000000195e+00,1.095126917710014469e+00,1.272244230486774282e-15,1.000000000000000000e+00,2.105719157007619469e-01
-1.152500000000000302e+00,1.099494948766547520e+00,6.377855790252431972e-16,1.000000000000000000e+00,2.105719157007619469e-01
-1.147500000000000409e+00,1.103800798718801657e+00,2.206105564244844683e-17,1.000000000000000000e+00,2.105719157007619469e-01
-1.142500000000000071e+00,1.108041776550718893e+00,-8.134698744878917206e-16,1.000000000000000000e+00,2.105719157007619469e-01
-1.137500000000000178e+00,1.112215231789203118e+00,-1.739221197658603117e-15,1.000000000000000000e+00,2.105719157007619469e-01
-1.132500000000000284e+00,1.116318556160582620e+00,-1.459952263228184264e-15,1.000000000000000000e+00,2.105719157007619469e-01
-1.127500000000000391e+00,1.120349185220694377e+00,-1.785855907530985756e-16,1.000000000000000000e+00,2.105719157007619469e-01
-1.122500000000000053e+00,1.124304599957578255e+00,4.371152478547236901e-16,1.000000000000000000e+00,2.105719157007619469e-01
-1.117500000000000160e+00,1.128182328365778142e+00,-9.991111025190139655e-17,1.000000000000000000e+00,2.105719157007619469e-01
-1.112500000000000266e+00,1.131979946991263919e+00,-3.434438771600137269e-16,1.000000000000000000e+00,2.105719157007619469e-01
-1.107500000000000373e+00,1.135695082446013249e+00,0.000000000000000000e+00,1.000000000000000000e+00,2.105719157007619469e-01
-1.102500000000000036e+00,1.139325412891299738e+00,7.057944628101239625e-17,1.000000000000000000e+00,2.105719157007619469e-01
-1.097500000000000142e+00,1.142868669488766642e+00,-1.205902796034563759e-17,1.000000000000000000e+00,2.105719157007619469e-01
-1.092500000000000249e+00,1.146322637818378842e+00,2.218898401607279410e-17,1.000000000000000000e+00,2.105719157007619469e-01
-1.087500000000000355e+00,1.149685159262362255e+00,3.744262615867681567e-16,1.000000000000000000e+00,2.105719157007619469e-01
-1.082500000000000018e+00,1.152954132354269356e+00,6.767661399120940296e-16,1.000000000000000000e+00,2.105719157007619469e-01
-1.077500000000000124e+00,1.156127514092326392e+00,-6.184504812254960627e-18,1.000000000000000000e+00,2.105719157007619469e-01
-1.072500000000000231e+00,1.159203321216246030e+00,-5.767691462238829437e-16,1.000000000000000000e+00,2.105719157007619469e-01
-1.067500000000000338e+00,1.162179631446697003e+00,-5.395694753519541438e-16,1.000000000000000000e+00,2.105719157007619469e-01
-1.062500000000000000e+00,1.165054584686669115e+00,0.000000000000000000e+00,1.000000000000000000e+00,2.105719157007619469e-01
-1.057500000000000107e+00,1.167826384183970445e+00,3.377263766515635587e-16,1.000000000000000000e+00,2.105719157007619469e-01
-1.052500000000000213e+00,1.170493297654141340e+00,4.341397771273179305e-16,1.000000000000000000e+00,2.105719157007619469e-01
-1.047500000000000320e+00,1.173053658363075069e+00,3.161824998185606466e-16,1.000000000000000000e+00,2.105719157007619469e-01
-1.042500000000000426e+00,1.175505866168671476e+00,5.670854525528522915e-17,1.000000000000000000e+00,2.105719157007619469e-01
-1.037500000000000089e+00,1.177848388520875256e+00,-2.438596689683497891e-16,1.000000000000000000e+00,2.105719157007619469e-01
-1.032500000000000195e+00,1.180079761419468021e+00,-4.578673680402901080e-16,1.000000000000000000e+00,2.105719157007619469e-01
-1.027500000000000302e+00,1.182198590329023080e+00,-4.335769049531299299e-16,1.000000000000000000e+00,2.105719157007619469e-01
-1.022500000000000409e+00,1.184203551050442726e+00,0.000000000000000000e+00,1.000000000000000000e+00,2.105719157007619469e-01
-1.017500000000000071e+00,1.186093390548540238e+00,1.020364545232464340e-15,1.000000000000000000e+00,2.105719157007619469e-01
-1.012500000000000178e+00,1.187866927735146350e+00,1.781348083495117261e-15,1.000000000000000000e+00,2.105719157007619469e-01
-1.007500000000000284e+00,1.189523054207250352e+00,1.134390510563945801e-15,1.000000000000000000e+00,2.105719157007619469e-01
-1.002500000000000391e+00,1.191060734939716426e+00,1.969217312346362554e-16,1.000000000000000000e+00,2.105719157007619469e-01
-9.975000000000000533e-01,1.192479008932140871e+00,-2.325416440953813277e-16,1.000000000000000000e+00,2.105719157007619469e-01
-9.925000000000006040e-01,1.193776989809444578e+00,-6.032488125215946557e-17,1.000000000000000000e+00,2.105719157007619469e-01
-9.874999999999998224e-01,1.194953866375831009e+00,9.604533341214544827e-17,1.000000000000000000e+00,2.105719157007619469e-01
-9.824999999999999289e-01,1.196008903121754896e+00,0.000000000000000000e+00,1.000000000000000000e+00,2.105719157007619469e-01
-9.775000000000000355e-01,1.196941440683592539e+00,-1.933552798559786133e-16,1.000000000000000000e+00,2.105719157007619469e-01
-9.725000000000001421e-01,1.197750896255723951e+00,5.394793164865652519e-17,1.000000000000000000e+00,2.105719157007619469e-01
-9.675000000000002487e-01,1.198436763954764839e+00,-2.229888712877543965e-16,1.000000000000000000e+00,2.105719157007619469e-01
-9.625000000000003553e-01,1.198998615135729473e+00,-4.709247379893633576e-16,1.000000000000000000e+00,2.105719157007619469e-01
-9.575000000000004619e-01,1.199436098659918848e+00,-1.163909830611835435e-15,1.000000000000000000e+00,2.105719157007619469e-01
-9.525000000000005684e-01,1.199748941114371137e+00,-1.219628821426163561e-15,1.000000000000000000e+00,2.105719157007619469e-01
-9.474999999999997868e-01,1.199936946982735675e+00,-5.602848910313743114e-16,1.000000000000000000e+00,2.105719157007619469e-01
-9.424999999999998934e-01,1.199999998767464549e+00,-1.211253786296098190e-16,1.000000000000000000e+00,2.105719157007619469e-01
-9.375000000000000000e-01,1.199938057063244745e+00,7.060066333432471681e-16,1.000000000000000000e+00,2.105719157007619469e-01
-9.325000000000001066e-01,1.199751160581624898e+00,1.260882031937201701e-15,1.000000000000000000e+00,2.105719157007619469e-01
-9.275000000000002132e-01,1.199439426126822861e+00,1.242110045200002247e-15,1.000000000000000000e+00,2.105719157007619469e-01
-9.225000000000003197e-01,1.199003048522724990e+00,6.894908334536797204e-16,1.000000000000000000e+00,2.105719157007619469e-01
-9.175000000000004263e-01,1.198442300491129320e+00,-5.400951134397442056e-18,1.000000000000000000e+00,2.105719157007619469e-01
-9.125000000000005329e-01,1.197757532481302345e+00,-8.859318763968772364e-17,1.000000000000000000e+00,2.105719157007619469e-01
-9.075000000000006395e-01,1.196949172450959997e+00,2.003038068494817925e-17,1.000000000000000000e+00,2.105719157007619469e-01
-9.024999999999998579e-01,1.196017725598808035e+00,7.341031789690022646e-17,1.000000000000000000e+00,2.105719157007619469e-01
-8.974999999999999645e-01,1.194963774048809491e+00,0.000000000000000000e+00,1.000000000000000000e+00,2.105719157007619469e-01
-8.925000000000000711e-01,1.193787976486375246e+00,-9.134264910250409793e-17,1.000000000000000000e+00,2.105719157007619469e-01
-8.875000000000001776e-01,1.192491067746707989e+00,-3.000977426503660812e-17,1.000000000000000000e+00,2.105719157007619469e-01
-8.825000000000002842e-01,1.191073858355553572e+00,-8.035282938625969579e-18,1.000000000000000000e+00,2.105719157007619469e-01
-8.775000000000003908e-01,1.189537234022649770e+00,-3.830175720251222547e-16,1.000000000000000000e+00,2.105719157007619469e-01
-8.725000000000004974e-01,1.187882155088185065e+00,-1.073097354311971598e-15,1.000000000000000000e+00,2.105719157007619469e-01
-8.675000000000006040e-01,1.186109655922618300e+00,-1.546075173679886783e-15,1.000000000000000000e+00,2.105719157007619469e-01
-8.624999999999998224e-01,1.184220844280230445e+00,-8.082052218814393185e-16,1.000000000000000000e+00,2.105719157007619469e-01
-8.574999999999999289e-01,1.182216900606815058e+00,0.000000000000000000e+00,1.000000000000000000e+00,2.105719157007619469e-01
-8.525000000000000355e-01,1.180099077301936639e+00,1.701452838653289498e-16,1.000000000000000000e+00,2.105719157007619469e-01
-8.475000000000001421e-01,1.177868697936222508e+00,-1.704674662367356241e-16,1.000000000000000000e+00,2.105719157007619469e-01
-8.425000000000002487e-01,1.175527156424174269e+00,0.000000000000000000e+00,1.000000000000000000e+00,2.105719157007619469e-01
-8.375000000000003553e-01,1.173075916153016651e+00,0.000000000000000000e+00,1.000000000000000000e+00,2.105719157007619469e-01
-8.325000000000004619e-01,1.170516509068127542e+00,0.000000000000000000e+00,1.000000000000000000e+00,2.105719157007619469e-01
-8.275000000000005684e-01,1.167850534715622945e+00,3.379563299360119355e-16,1.000000000000000000e+00,2.105719157007619469e-01
-8.225000000000006750e-01,1.165079659242691745e+00,1.058327131067666147e-15,1.000000000000000000e+00,2.105719157007619469e-01
-8.174999999999998934e-01,1.162205614356308203e+00,1.642693210353705202e-15,1.000000000000000000e+00,2.105719157007619469e-01
-8.125000000000000000e-01,1.159230196240973232e+00,9.820011353716844126e-16,1.000000000000000000e+00,2.105719157007619469e-01
-8.075000000000001066e-01,1.156155264436154129e+00,3.505139482479467387e-19,1.000000000000000000e+00,2.105719157007619469e-01
-8.025000000000002132e-01,1.152982740674135975e+00,-9.421621189651536500e-16,1.000000000000000000e+00,2.105719157007619469e-01
-7.975000000000003197e-01,1.149714607678999467e+00,-1.605683461734645039e-15,1.000000000000000000e+00,2.105719157007619469e-01
-7.925000000000004263e-01,1.146352907927484566e+00,-1.083609987649441685e-15,1.000000000000000000e+00,2.105719157007619469e-01
-7.875000000000005329e-01,1.142899742372507799e+00,-4.239680881283524257e-16,1.000000000000000000e+00,2.105719157007619469e-01
-7.825000000000006395e-01,1.139357269130135464e+00,-1.448966975469775736e-17,1.000000000000000000e+00,2.105719157007619469e-01
-7.774999999999998579e-01,1.135727702130831185e+00,4.169279073147960039e-16,1.000000000000000000e+00,2.105719157007619469e-01
-7.724999999999999645e-01,1.132013309735823148e+00,1.112555192423884345e-15,1.000000000000000000e+00,2.105719157007619469e-01
-7.675000000000000711e-01,1.128216413319448996e+00,1.657207115619058486e-15,1.000000000000000000e+00,2.105719157007619469e-01
-7.625000000000001776e-01,1.124339385818374781e+00,9.539809955171564928e-16,1.000000000000000000e+00,2.105719157007619469e-01
-7.575000000000002842e-01,1.120384650248585690e+00,-1.137140522682043784e-16,1.000000000000000000e+00,2.105719157007619469e-01
-7.525000000000003908e-01,1.116354678191080696e+00,-1.310775407826720559e-15,1.000000000000000000e+00,2.105719157007619469e-01
-7.475000000000004974e-01,1.112251988247214607e+00,-1.480424256065754758e-15,1.000000000000000000e+00,2.105719157007619469e-01
-7.425000000000006040e-01,1.108079144464653831e+00,-1.197684274871818177e-15,1.000000000000000000e+00,2.105719157007619469e-01
-7.374999999999998224e-01,1.103838754734930205e+00,-1.003797047577328608e-16,1.000000000000000000e+00,2.105719157007619469e-01
-7.324999999999999289e-01,1.099533469163595178e+00,4.247564054833221885e-16,1.000000000000000000e+00,2.105719157007619469e-01
-7.275000000000000355e-01,1.095165978413987107e+00,-9.999251140457972526e-17,1.000000000000000000e+00,2.105719157007619469e-01
-7.225000000000001421e-01,1.090739012025656818e+00,-3.277828000486495571e-16,1.000000000000000000e+00,2.105719157007619469e-01
-7.175000000000002487e-01,1.086255336708492614e+00,2.238345262741993461e-18,1.000000000000000000e+00,2.105719157007619469e-01
-7.125000000000003553e-01,1.081717754613618299e+00,3.872762796277286706e-17,1.000000000000000000e+00,2.105719157007619469e-01
-7.075000000000004619e-01,1.077129101582138038e+00,-1.277897808987595937e-17,1.000000000000000000e+00,2.105719157007619469e-01
-7.025000000000005684e-01,1.072492245372829611e+00,-2.849360281271100197e-17,1.000000000000000000e+00,2.105719157007619469e-01
-6.975000000000006750e-01,1.067810083869887627e+00,1.592370902385323217e-17,1.000000000000000000e+00,2.105719157007619469e-01
-6.924999999999998934e-01,1.063085543271839573e+00,-1.599447680940994146e-17,1.000000000000000000e+00,2.105719157007619469e-01
-6.875000000000000000e-01,1.058321576262770680e+00,0.000000000000000000e+00,1.000000000000000000e+00,2.105719157007619469e-01
-6.825000000000001066e-01,1.053521160166986714e+00,4.473567871269186109e-16,1.000000000000000000e+00,2.105719157007619469e-01
-6.775000000000002132e-01,1.048687295088287286e+00,9.425940916155270345e-16,1.000000000000000000e+00,2.105719157007619469e-01
-6.725000000000003197e-01,1.043823002034997671e+00,1.221564536542401003e-15,1.000000000000000000e+00,2.105719157007619469e-01
-6.675000000000004263e-01,1.038931321031936417e+00,1.127989576012672076e-15,1.000000000000000000e+00,2.105719157007619469e-01
-6.625000000000005329e-01,1.034015309220499335e+00,6.080366128651520125e-16,1.000000000000000000e+00,2.105719157007619469e-01
-6.575000000000006395e-01,1.029078038948045615e+00,-2.703623940237479299e-16,1.000000000000000000e+00,2.105719157007619469e-01
-6.524999999999998579e-01,1.024122595847779538e+00,-1.300708172057097518e-15,1.000000000000000000e+00,2.105719157007619469e-01
-6.474999999999999645e-01,1.019152076910333937e+00,-1.881993151517853050e-15,1.000000000000000000e+00,2.105719157007619469e-01
-6.425000000000000711e-01,1.014169588548246459e+00,-9.930887973784788870e-16,1.000000000000000000e+00,2.105719157007619469e-01
-6.375000000000001776e-01,1.009178244654556078e+00,7.789451210313857267e-18,1.000000000000000000e+00,2.105719157007619469e-01
-6.325000000000002842e-01,1.004181164656721581e+00,1.265518652218417281e-16,1.000000000000000000e+00,2.105719157007619469e-01
-6.275000000000003908e-01,9.991814715670792602e-01,8.891907875599932811e-16,1.000000000000000000e+00,2.105719157007619469e-01
-6.225000000000004974e-01,9.941822900310633981e-01,1.463642058490540965e-15,1.000000000000000000e+00,2.105719157007619469e-01
-6.175000000000006040e-01,9.891867443744034594e-01,1.431296926950379276e-15,1.000000000000000000e+00,2.105719157007619469e-01
-6.125000000000007105e-01,9.841979566505227872e-01,7.938280232188863638e-16,1.000000000000000000e+00,2.105719157007619469e-01
-6.074999999999999289e-01,9.792190446893559441e-01,-4.123636701350952142e-18,1.000000000000000000e+00,2.105719157007619469e-01
-6.025000000000000355e-01,9.742531201488099368e-01,-5.694325188634701279e-17,1.000000000000000000e+00,2.105719157007619469e-01
-5.975000000000001421e-01,9.693032865700736966e-01,5.721926455473024043e-17,1.000000000000000000e+00,2.105719157007619469e-01
-5.925000000000002487e-01,9.643726374380100497e-01,4.201968272118226271e-18,1.000000000000000000e+00,2.105719157007619469e-01
-5.875000000000003553e-01,9.594642542478268865e-01,-2.907334487217887200e-16,1.000000000000000000e+00,2.105719157007619469e-01
-5.825000000000004619e-01,9.545812045792434475e-01,-3.917126707982105551e-16,1.000000000000000000e+00,2.105719157007619469e-01
-5.775000000000005684e-01,9.497265401793523187e-01,-1.468530780470772052e-16,1.000000000000000000e+00,2.105719157007619469e-01
-5.725000000000006750e-01,9.449032950553772903e-01,3.065431527650187794e-16,1.000000000000000000e+00,2.105719157007619469e-01
-5.674999999999998934e-01,9.401144835785166798e-01,5.347077872822535537e-16,1.000000000000000000e+00,2.105719157007619469e-01
-5.625000000000000000e-01,9.353630986000626146e-01,-1.884454902618692641e-16,1.000000000000000000e+00,2.105719157007619469e-01
-5.575000000000001066e-01,9.306521095809615618e-01,5.899543496513080058e-17,1.000000000000000000e+00,2.105719157007619469e-01
-5.525000000000002132e-01,9.259844607360011581e-01,1.310613048367392605e-16,1.000000000000000000e+00,2.105719157007619469e-01
-5.475000000000003197e-01,9.213630691937708672e-01,-1.335806561201030556e-16,1.000000000000000000e+00,2.105719157007619469e-01
-5.425000000000004263e-01,9.167908231735518720e-01,1.342468534771066716e-16,1.000000000000000000e+00,2.105719157007619469e-01
-5.375000000000005329e-01,9.122705801802738490e-01,-8.884393629028003627e-19,1.000000000000000000e+00,2.105719157007619469e-01
-5.325000000000006395e-01,9.078051652186672760e-01,-2.309424009177397044e-17,1.000000000000000000e+00,2.105719157007619469e-01
-5.274999999999998579e-01,9.033973690277267155e-01,2.410408562358171491e-17,1.000000000000000000e+00,2.105719157007619469e-01
-5.224999999999999645e-01,8.990499463365932975e-01,-4.507519834425808143e-19,1.000000000000000000e+00,2.105719157007619469e-01
-5.175000000000000711e-01,8.947656141429334298e-01,-3.282923171282313841e-16,1.000000000000000000e+00,2.105719157007619469e-01
-5.125000000000001776e-01,8.905470500149070823e-01,-1.479497526336562626e-15,1.000000000000000000e+00,2.105719157007619469e-01
-5.075000000000002842e-01,8.863968904177741415e-01,-1.993527208047350333e-15,1.000000000000000000e+00,2.105719157007619469e-01
-5.025000000000003908e-01,8.823177290661891048e-01,-1.372963282917122953e-15,1.000000000000000000e+00,2.105719157007619469e-01
-4.975000000000004974e-01,8.783121153032145134e-01,-9.732022886206271313e-17,1.000000000000000000e+00,2.105719157007619469e-01
-4.925000000000006040e-01,8.743825525070637594e-01,3.434673000649185005e-16,1.000000000000000000e+00,2.105719157007619469e-01
-4.875000000000007105e-01,8.705314965265716909e-01,4.419032668849620269e-16,1.000000000000000000e+00,2.105719157007619469e-01
-4.824999999999999289e-01,8.667613541463680127e-01,-2.920661317054179670e-16,1.000000000000000000e+00,2.105719157007619469e-01
-4.775000000000000355e-01,8.630744815827184890e-01,-5.003749967970175212e-16,1.000000000000000000e+00,2.105719157007619469e-01
-4.725000000000001421e-01,8.594731830109617610e-01,0.000000000000000000e+00,1.000000000000000000e+00,2.105719157007619469e-01
-4.675000000000002487e-01,8.559597091254776968e-01,1.900864222557834072e-16,1.000000000000000000e+00,2.105719157007619469e-01
-4.625000000000003553e-01,8.525362557330764535e-01,-1.908497352559576879e-16,1.000000000000000000e+00,2.105719157007619469e-01
-4.575000000000004619e-01,8.492049623806898762e-01,4.528211176110340715e-16,1.000000000000000000e+00,2.105719157007619469e-01
-4.525000000000005684e-01,8.459679110182249939e-01,1.246493303166501739e-15,1.000000000000000000e+00,2.105719157007619469e-01
-4.475000000000006750e-01,8.428271246974128328e-01,1.650960488591822759e-15,1.000000000000000000e+00,2.105719157007619469e-01
-4.424999999999998934e-01,8.397845663074663403e-01,1.449412737783549070e-15,1.000000000000000000e+00,2.105719157007619469e-01
-4.375000000000000000e-01,8.368421373483405645e-01,7.503634796462252628e-16,1.000000000000000000e+00,2.105719157007619469e-01
-4.325000000000001066e-01,8.340016767423544808e-01,0.000000000000000000e+00,1.000000000000000000e+00,2.105719157007619469e-01
-4.275000000000002132e-01,8.312649596849257527e-01,0.000000000000000000e+00,1.000000000000000000e+00,2.105719157007619469e-01
-4.225000000000003197e-01,8.286336965351313033e-01,1.467168960976416596e-18,1.000000000000000000e+00,2.105719157007619469e-01
-4.175000000000004263e-01,8.261095317467883614e-01,-6.523773581968645824e-16,1.000000000000000000e+00,2.105719157007619469e-01
-4.125000000000005329e-01,8.236940428407246717e-01,-1.317438130493745780e-15,1.000000000000000000e+00,2.105719157007619469e-01
-4.075000000000006395e-01,8.213887394188787994e-01,-1.608007317345366856e-15,1.000000000000000000e+00,2.105719157007619469e-01
-4.025000000000007461e-01,8.191950622208485910e-01,-1.383856124443068023e-15,1.000000000000000000e+00,2.105719157007619469e-01
-3.974999999999999645e-01,8.171143822234752108e-01,-7.322147798698156132e-16,1.000000000000000000e+00,2.105719157007619469e-01
-3.925000000000000711e-01,8.151479997840287428e-01,5.965378134162981434e-18,1.000000000000000000e+00,2.105719157007619469e-01
-3.875000000000001776e-01,8.132971438275248266e-01,2.231953104275642518e-16,1.000000000000000000e+00,2.105719157007619469e-01
-3.825000000000002842e-01,8.115629710786884665e-01,2.003500539044405877e-17,1.000000000000000000e+00,2.105719157007619469e-01
-3.775000000000003908e-01,8.099465653390377495e-01,-2.501972990722838436e-16,1.000000000000000000e+00,2.105719157007619469e-01
-3.725000000000004974e-01,8.084489368095437722e-01,9.789772526593837362e-18,1.000000000000000000e+00,2.105719157007619469e-01
-3.675000000000006040e-01,8.070710214592876630e-01,1.626480006292106785e-15,1.000000000000000000e+00,2.105719157007619469e-01
-3.625000000000007105e-01,8.058136804405100495e-01,2.632401660075273537e-15,1.000000000000000000e+00,2.105719157007619469e-01
-3.574999999999999289e-01,8.046776995504194563e-01,1.376418837233323404e-15,1.000000000000000000e+00,2.105719157007619469e-01
-3.525000000000000355e-01,8.036637887400945868e-01,-3.530787426028300798e-16,1.000000000000000000e+00,2.105719157007619469e-01
-3.475000000000001421e-01,8.027725816707876882e-01,-4.320980745833046997e-16,1.000000000000000000e+00,2.105719157007619469e-01
-3.425000000000002487e-01,8.020046353179068888e-01,4.733392181159178038e-16,1.000000000000000000e+00,2.105719157007619469e-01
-3.375000000000003553e-01,8.013604296229250856e-01,4.707624484694245939e-16,1.000000000000000000e+00,2.105719157007619469e-01
-3.325000000000004619e-01,8.008403671934317680e-01,-6.522842359709636249e-17,1.000000000000000000e+00,2.105719157007619469e-01
-3.275000000000005684e-01,8.004447730515166226e-01,-1.515691508495673322e-15,1.000000000000000000e+00,2.105719157007619469e-01
-3.225000000000006750e-01,8.001738944306413526e-01,-2.233083907738347693e-15,1.000000000000000000e+00,2.105719157007619469e-01
-3.174999999999998934e-01,8.000279006211262756e-01,-1.667733396695085148e-15,1.000000000000000000e+00,2.105719157007619469e-01
-3.125000000000000000e-01,8.000068828643501773e-01,-3.593234982955033118e-16,1.000000000000000000e+00,2.105719157007619469e-01
-3.075000000000001066e-01,8.001108542957269254e-01,5.012549799280492425e-17,1.000000000000000000e+00,2.105719157007619469e-01
-3.025000000000002132e-01,8.003397499364962586e-01,-5.213644678192783634e-17,1.000000000000000000e+00,2.105719157007619469e-01
-2.975000000000003197e-01,8.006934267343336353e-01,0.000000000000000000e+00,1.000000000000000000e+00,2.105719157007619469e-01
-2.925000000000004263e-01,8.011716636527529412e-01,0.000000000000000000e+00,1.000000000000000000e+00,2.105719157007619469e-01
-2.875000000000005329e-01,8.017741618092475431e-01,0.000000000000000000e+00,1.000000000000000000e+00,2.105719157007619469e-01
-2.825000000000006395e-01,8.025005446620818716e-01,0.000000000000000000e+00,1.000000000000000000e+00,2.105719157007619469e-01
-2.775000000000007461e-01,8.033503582456175129e-01,0.000000000000000000e+00,1.000000000000000000e+00,2.105719157007619469e-01
-2.724999999999999645e-01,8.043230714540277049e-01,0.000000000000000000e+00,1.000000000000000000e+00,2.105719157007619469e-01
-2.675000000000000711e-01,8.054180763732199377e-01,1.509459093654778583e-18,1.000000000000000000e+00,2.105719157007619469e-01
-2.625000000000001776e-01,8.066346886607639322e-01,0.000000000000000000e+00,1.000000000000000000e+00,2.105719157007619469e-01
-2.575000000000002842e-01,8.079721479735822998e-01,-1.504687559620243601e-18,1.000000000000000000e+00,2.105719157007619469e-01
-2.525000000000003908e-01,8.094296184431407637e-01,0.000000000000000000e+00,1.000000000000000000e+00,2.105719157007619469e-01
-2.475000000000004974e-01,8.110061891978385118e-01,4.996861330071898694e-19,1.000000000000000000e+00,2.105719157007619469e-01
-2.425000000000006040e-01,8.127008749322734982e-01,-4.986441617390121930e-19,1.000000000000000000e+00,2.105719157007619469e-01
-2.375000000000007105e-01,8.145126165230262005e-01,3.637351986016622962e-16,1.000000000000000000e+00,2.105719157007619469e-01
-2.324999999999999289e-01,8.164402816905773630e-01,7.891142949085310193e-16,1.000000000000000000e+00,2.105719157007619469e-01
-2.275000000000000355e-01,8.184826657069447231e-01,1.101654619318749603e-15,1.000000000000000000e+00,2.105719157007619469e-01
-2.225000000000001421e-01,8.206384921486009620e-01,1.212641700391442847e-15,1.000000000000000000e+00,2.105719157007619469e-01
-2.175000000000002487e-01,8.229064136941952601e-01,1.094794115301733809e-15,1.000000000000000000e+00,2.105719157007619469e-01
-2.125000000000003553e-01,8.252850129665856294e-01,7.787586553985092605e-16,1.000000000000000000e+00,2.105719157007619469e-01
-2.075000000000004619e-01,8.277728034186534467e-01,3.559763790578508278e-16,1.000000000000000000e+00,2.105719157007619469e-01
-2.025000000000005684e-01,8.303682302623474065e-01,-9.760694876226915204e-19,1.000000000000000000e+00,2.105719157007619469e-01
-1.975000000000006750e-01,8.330696714403749148e-01,9.729043330181299666e-19,1.000000000000000000e+00,2.105719157007619469e-01
-1.925000000000007816e-01,8.358754386399354086e-01,-6.653388239272910599e-16,1.000000000000000000e+00,2.105719157007619469e-01
-1.875000000000000000e-01,8.387837783478613307e-01,-1.321201243426619710e-15,1.000000000000000000e+00,2.105719157007619469e-01
-1.825000000000001066e-01,8.417928729465048443e-01,-1.579657413543322374e-15,1.000000000000000000e+00,2.105719157007619469e-01
-1.775000000000002132e-01,8.449008418496924966e-01,-1.320892648278893815e-15,1.000000000000000000e+00,2.105719157007619469e-01
-1.725000000000003197e-01,8.481057426780285180e-01,-6.668102093815248105e-16,1.000000000000000000e+00,2.105719157007619469e-01
-1.675000000000004263e-01,8.514055724728193386e-01,4.759759151542347023e-19,1.000000000000000000e+00,2.105719157007619469e-01
-1.625000000000005329e-01,8.547982689478571539e-01,3.345477952787973580e-17,1.000000000000000000e+00,2.105719157007619469e-01
-1.575000000000006395e-01,8.582817117782821636e-01,-3.379116177938680737e-17,1.000000000000000000e+00,2.105719157007619469e-01
-1.525000000000007461e-01,8.618537239257162419e-01,0.000000000000000000e+00,1.000000000000000000e+00,2.105719157007619469e-01
-1.474999999999999645e-01,8.655120729988421413e-01,2.286565994141041720e-18,1.000000000000000000e+00,2.105719157007619469e-01
-1.425000000000000711e-01,8.692544726485720297e-01,-2.276721645857754684e-18,1.000000000000000000e+00,2.105719157007619469e-01
-1.375000000000001776e-01,8.730785839969459339e-01,0.000000000000000000e+00,1.000000000000000000e+00,2.105719157007619469e-01
-1.325000000000002842e-01,8.769820170988513741e-01,5.544812887948562064e-18,1.000000000000000000e+00,2.105719157007619469e-01
-1.275000000000003908e-01,8.809623324356617990e-01,2.759720359161098894e-18,1.000000000000000000e+00,2.105719157007619469e-01
-1.225000000000004974e-01,8.850170424398565716e-01,-3.204975830953749828e-18,1.000000000000000000e+00,2.105719157007619469e-01
-1.175000000000006040e-01,8.891436130496696011e-01,-5.013197619555601959e-18,1.000000000000000000e+00,2.105719157007619469e-01
-1.125000000000007105e-01,8.933394652927952873e-01,4.536333188776604359e-19,1.000000000000000000e+00,2.105719157007619469e-01
-1.074999999999999289e-01,8.976019768981635671e-01,-4.514791154154759222e-19,1.000000000000000000e+00,2.105719157007619469e-01
-1.025000000000000355e-01,9.019284839347703198e-01,0.000000000000000000e+00,1.000000000000000000e+00,2.105719157007619469e-01
-9.750000000000014211e-02,9.063162824765520487e-01,0.000000000000000000e+00,1.000000000000000000e+00,2.105719157007619469e-01
-9.250000000000024869e-02,9.107626302922492423e-01,1.757238452336069789e-16,1.000000000000000000e+00,2.105719157007619469e-01
-8.750000000000035527e-02,9.152647485592120269e-01,-1.637035418881581318e-16,1.000000000000000000e+00,2.105719157007619469e-01
-8.250000000000046185e-02,9.198198236000738603e-01,-1.110068529024223961e-17,1.000000000000000000e+00,2.105719157007619469e-01
-7.750000000000056843e-02,9.244250086412082457e-01,3.801436809458766459e-16,1.000000000000000000e+00,2.105719157007619469e-01
-7.250000000000067502e-02,9.290774255918696767e-01,1.496230908453857171e-15,1.000000000000000000e+00,2.105719157007619469e-01
-6.750000000000078160e-02,9.337741668429067055e-01,1.914439123880505562e-15,1.000000000000000000e+00,2.105719157007619469e-01
-6.250000000000000000e-02,9.385122970839238077e-01,1.222859890360771666e-15,1.000000000000000000e+00,2.105719157007619469e-01
-5.750000000000010658e-02,9.432888551377515141e-01,-9.415003906490220900e-18,1.000000000000000000e+00,2.105719157007619469e-01
-5.250000000000021316e-02,9.481008558110907147e-01,-2.387419576474735553e-16,1.000000000000000000e+00,2.105719157007619469e-01
-4.750000000000031974e-02,9.529452917601578532e-01,-5.675727917864421899e-17,1.000000000000000000e+00,2.105719157007619469e-01
-4.250000000000042633e-02,9.578191353701780431e-01,1.410857858718202895e-16,1.000000000000000000e+00,2.105719157007619469e-01
-3.750000000000053291e-02,9.627193406475454962e-01,1.588923033444273394e-16,1.000000000000000000e+00,2.105719157007619469e-01
-3.250000000000063949e-02,9.676428451234703187e-01,0.000000000000000000e+00,1.000000000000000000e+00,2.105719157007619469e-01
-2.750000000000074607e-02,9.725865717679221811e-01,-1.276718510883450198e-16,1.000000000000000000e+00,2.105719157007619469e-01
-2.249999999999996447e-02,9.775474309126743755e-01,-6.044506043889753417e-16,1.000000000000000000e+00,2.105719157007619469e-01
-1.750000000000007105e-02,9.825223221822424469e-01,-1.341683763036456235e-15,1.000000000000000000e+00,2.105719157007619469e-01
-1.250000000000017764e-02,9.875081364315237975e-01,-1.779931155307504195e-15,1.000000000000000000e+00,2.105719157007619469e-01
-7.500000000000284217e-03,9.925017576889076931e-01,-8.913374390650837382e-16,1.000000000000000000e+00,2.105719157007619469e-01
-2.500000000000390799e-03,9.975000651036576294e-01,0.000000000000000000e+00,1.000000000000000000e+00,2.105719157007619469e-01
2.499999999999502620e-03,1.002499934896341482e+00,5.217541067562885728e-17,1.000000000000000000e+00,2.105719157007619469e-01
7.499999999999396039e-03,1.007498242311091419e+00,-5.191656283739402556e-17,1.000000000000000000e+00,2.105719157007619469e-01
1.249999999999928946e-02,1.012491863568475425e+00,3.833997367731487151e-16,1.000000000000000000e+00,2.105719157007619469e-01
1.749999999999918288e-02,1.017477677817756554e+00,1.236362105176193911e-15,1.000000000000000000e+00,2.105719157007619469e-01
2.249999999999996447e-02,1.022452569087325625e+00,1.863006038796377919e-15,1.000000000000000000e+00,2.105719157007619469e-01
2.749999999999985789e-02,1.027413428232077042e+00,1.094632874963774990e-15,1.000000000000000000e+00,2.105719157007619469e-01
3.249999999999975131e-02,1.032357154876528682e+00,0.000000000000000000e+00,1.000000000000000000e+00,2.105719157007619469e-01
3.749999999999964473e-02,1.037280659352453727e+00,-8.980426180619060337e-16,1.000000000000000000e+00,2.105719157007619469e-01
4.249999999999953815e-02,1.042180864629820958e+00,-1.031136985246877154e-15,1.000000000000000000e+00,2.105719157007619469e-01
4.749999999999943157e-02,1.047054708239841148e+00,-1.081382041033587705e-15,1.000000000000000000e+00,2.105719157007619469e-01
5.249999999999932498e-02,1.051899144188908508e+00,-2.171944907147981225e-16,1.000000000000000000e+00,2.105719157007619469e-01
5.749999999999921840e-02,1.056711144862247487e+00,1.158973778907643682e-15,1.000000000000000000e+00,2.105719157007619469e-01
6.250000000000000000e-02,1.061487702916076081e+00,1.442561557583884739e-15,1.000000000000000000e+00,2.105719157007619469e-01
6.749999999999989342e-02,1.066225833157092406e+00,5.718382567297244185e-16,1.000000000000000000e+00,2.105719157007619469e-01
7.249999999999978684e-02,1.070922574408129435e+00,1.135232059374046007e-18,1.000000000000000000e+00,2.105719157007619469e-01
7.749999999999968026e-02,1.075574991358790866e+00,0.000000000000000000e+00,1.000000000000000000e+00,2.105719157007619469e-01
8.249999999999957367e-02,1.080180176399925251e+00,1.125502639409093295e-18,1.000000000000000000e+00,2.105719157007619469e-01
8.749999999999946709e-02,1.084735251440787085e+00,-2.271929530414674799e-16,1.000000000000000000e+00,2.105719157007619469e-01
9.249999999999936051e-02,1.089237369707749981e+00,-4.111288729612044150e-16,1.000000000000000000e+00,2.105719157007619469e-01
9.749999999999925393e-02,1.093683717523447285e+00,-4.183244245417849204e-16,1.000000000000000000e+00,2.105719157007619469e-01
1.025000000000000355e-01,1.098071516065229680e+00,-2.176028087925854361e-16,1.000000000000000000e+00,2.105719157007619469e-01
1.074999999999999289e-01,1.102398023101836433e+00,1.245052635397229041e-16,1.000000000000000000e+00,2.105719157007619469e-01
1.124999999999998224e-01,1.106660534707203825e+00,4.581688080887985082e-16,1.000000000000000000e+00,2.105719157007619469e-01
1.174999999999997158e-01,1.110856386950329622e+00,5.540544065272683336e-16,1.000000000000000000e+00,2.105719157007619469e-01
1.224999999999996092e-01,1.114982957560142651e+00,1.163577235751508017e-16,1.000000000000000000e+00,2.105719157007619469e-01
1.274999999999995026e-01,1.119037667564337424e+00,-1.207909356983994304e-15,1.000000000000000000e+00,2.105719157007619469e-01
1.324999999999993960e-01,1.123017982901147960e+00,-1.980580822043379875e-15,1.000000000000000000e+00,2.105719157007619469e-01
1.374999999999992895e-01,1.126921416003053400e+00,-9.428441181164139403e-16,1.000000000000000000e+00,2.105719157007619469e-01
1.424999999999991829e-01,1.130745527351427304e+00,3.627816491143112494e-16,1.000000000000000000e+00,2.105719157007619469e-01
1.474999999999999645e-01,1.134487927001157859e+00,2.667154771018404036e-16,1.000000000000000000e+00,2.105719157007619469e-01
1.524999999999998579e-01,1.138146276074283092e+00,-4.112333861264444244e-16,1.000000000000000000e+00,2.105719157007619469e-01
1.574999999999997513e-01,1.141718288221717170e+00,-2.466027113136302194e-16,1.000000000000000000e+00,2.105719157007619469e-01
1.624999999999996447e-01,1.145201731052142291e+00,9.552436798880169744e-17,1.000000000000000000e+00,2.105719157007619469e-01
1.674999999999995381e-01,1.148594427527179995e+00,5.055768949775755345e-16,1.000000000000000000e+00,2.105719157007619469e-01
1.724999999999994316e-01,1.151894257321970816e+00,4.322283640331797395e-16,1.000000000000000000e+00,2.105719157007619469e-01
1.774999999999993250e-01,1.155099158150306948e+00,8.034774432763341484e-16,1.000000000000000000e+00,2.105719157007619469e-01
1.824999999999992184e-01,1.158207127053494601e+00,1.389544444909087412e-15,1.000000000000000000e+00,2.105719157007619469e-01
1.875000000000000000e-01,1.161216221652138669e+00,8.179142460826328415e-16,1.000000000000000000e+00,2.105719157007619469e-01
1.924999999999998934e-01,1.164124561360064147e+00,-8.062747344844786291e-16,1.000000000000000000e+00,2.105719157007619469e-01
1.974999999999997868e-01,1.166930328559624641e+00,-1.782161107258369883e-15,1.000000000000000000e+00,2.105719157007619469e-01
2.024999999999996803e-01,1.169631769737652149e+00,-1.417004699969276720e-15,1.000000000000000000e+00,2.105719157007619469e-01
2.074999999999995737e-01,1.172227196581346220e+00,2.074153668451226544e-18,1.000000000000000000e+00,2.105719157007619469e-01
2.124999999999994671e-01,1.174714987033413927e+00,1.203548299391282891e-15,1.000000000000000000e+00,2.105719157007619469e-01
2.174999999999993605e-01,1.177093586305804296e+00,1.628338180956196133e-15,1.000000000000000000e+00,2.105719157007619469e-01
2.224999999999992539e-01,1.179361507851398594e+00,1.138473437258806479e-15,1.000000000000000000e+00,2.105719157007619469e-01
2.275000000000000355e-01,1.181517334293055388e+00,3.429899289354397810e-19,1.000000000000000000e+00,2.105719157007619469e-01
2.324999999999999289e-01,1.183559718309422637e+00,-1.104428751299984899e-15,1.000000000000000000e+00,2.105719157007619469e-01
2.374999999999998224e-01,1.185487383476973466e+00,-4.428486512059279031e-16,1.000000000000000000e+00,2.105719157007619469e-01
2.424999999999997158e-01,1.187299125067726058e+00,7.339355165726420090e-16,1.000000000000000000e+00,2.105719157007619469e-01
2.474999999999996092e-01,1.188993810802161155e+00,8.076935444252698344e-16,1.000000000000000000e+00,2.105719157007619469e-01
2.524999999999995026e-01,1.190570381556859125e+00,3.673717016893485684e-16,1.000000000000000000e+00,2.105719157007619469e-01
2.574999999999993960e-01,1.192027852026417367e+00,-3.669225230852971668e-16,1.000000000000000000e+00,2.105719157007619469e-01
2.624999999999992895e-01,1.193365311339235957e+00,-1.627399118302770829e-15,1.000000000000000000e+00,2.105719157007619469e-01
2.674999999999991829e-01,1.194581923626779840e+00,-1.532267480603473867e-15,1.000000000000000000e+00,2.105719157007619469e-01
2.724999999999999645e-01,1.195676928545972295e+00,-7.553337122009265715e-16,1.000000000000000000e+00,2.105719157007619469e-01
2.774999999999998579e-01,1.196649641754382376e+00,6.585924917621164833e-17,1.000000000000000000e+00,2.105719157007619469e-01
2.824999999999997513e-01,1.197499455337918128e+00,3.203620845486214444e-16,1.000000000000000000e+00,2.105719157007619469e-01
2.874999999999996447e-01,1.198225838190752235e+00,6.246855179215083187e-16,1.000000000000000000e+00,2.105719157007619469e-01
2.924999999999995381e-01,1.198828336347246948e+00,1.103487675329278169e-15,1.000000000000000000e+00,2.105719157007619469e-01
2.974999999999994316e-01,1.199306573265666254e+00,1.377523716909755209e-15,1.000000000000000000e+00,2.105719157007619469e-01
3.024999999999993250e-01,1.199660250063503630e+00,5.617377080669920514e-16,1.000000000000000000e+00,2.105719157007619469e-01
3.074999999999992184e-01,1.199889145704273075e+00,-1.534994765997515651e-16,1.000000000000000000e+00,2.105719157007619469e-01
3.125000000000000000e-01,1.199993117135649712e+00,-6.653946560153556910e-17,1.000000000000000000e+00,2.105719157007619469e-01
3.174999999999998934e-01,1.199972099378873835e+00,6.654063105388628458e-17,1.000000000000000000e+00,2.105719157007619469e-01
3.224999999999997868e-01,1.199826105569358647e+00,0.000000000000000000e+00,1.000000000000000000e+00,2.105719157007619469e-01
3.274999999999996803e-01,1.199555226948483488e+00,0.000000000000000000e+00,1.000000000000000000e+00,2.105719157007619469e-01
3.324999999999995737e-01,1.199159632806568343e+00,0.000000000000000000e+00,1.000000000000000000e+00,2.105719157007619469e-01
3.374999999999994671e-01,1.198639570377075136e+00,-1.954384741976506815e-17,1.000000000000000000e+00,2.105719157007619469e-01
3.424999999999993605e-01,1.197995364682093333e+00,-1.785018341981978811e-17,1.000000000000000000e+00,2.105719157007619469e-01
3.474999999999992539e-01,1.197227418329212423e+00,6.964672607391950598e-18,1.000000000000000000e+00,2.105719157007619469e-01
3.524999999999991473e-01,1.196336211259905635e+00,2.947033024140446270e-17,1.000000000000000000e+00,2.105719157007619469e-01
3.574999999999999289e-01,1.195322300449580544e+00,1.356114736160262771e-18,1.000000000000000000e+00,2.105719157007619469e-01
3.624999999999998224e-01,1.194186319559490173e+00,-1.473572648817040128e-16,1.000000000000000000e+00,2.105719157007619469e-01
3.674999999999997158e-01,1.192928978540712670e+00,-2.830819288670964466e-16,1.000000000000000000e+00,2.105719157007619469e-01
3.724999999999996092e-01,1.191551063190456450e+00,-1.081054746916263458e-15,1.000000000000000000e+00,2.105719157007619469e-01
3.774999999999995026e-01,1.190053434660962584e+00,-1.419723084760653843e-15,1.000000000000000000e+00,2.105719157007619469e-01
3.824999999999993960e-01,1.188437028921311978e+00,-9.412404156689670744e-16,1.000000000000000000e+00,2.105719157007619469e-01
3.874999999999992895e-01,1.186702856172475506e+00,-5.569139377606344093e-17,1.000000000000000000e+00,2.105719157007619469e-01
3.924999999999991829e-01,1.184852000215971701e+00,4.351739274207779898e-17,1.000000000000000000e+00,2.105719157007619469e-01
3.974999999999999645e-01,1.182885617776524789e+00,-4.358973434097168520e-17,1.000000000000000000e+00,2.105719157007619469e-01
4.024999999999998579e-01,1.180804937779151853e+00,0.000000000000000000e+00,1.000000000000000000e+00,2.105719157007619469e-01
4.074999999999997513e-01,1.178611260581121645e+00,2.613690449640619014e-17,1.000000000000000000e+00,2.105719157007619469e-01
4.124999999999996447e-01,1.176305957159275772e+00,1.915069500838574727e-17,1.000000000000000000e+00,2.105719157007619469e-01
4.174999999999995381e-01,1.173890468253212083e+00,-1.142876079085090689e-17,1.000000000000000000e+00,2.105719157007619469e-01
4.224999999999994316e-01,1.171366303464869141e+00,-3.338470298595099827e-17,1.000000000000000000e+00,2.105719157007619469e-01
4.274999999999993250e-01,1.168735040315074691e+00,-6.934823249860223983e-19,1.000000000000000000e+00,2.105719157007619469e-01
4.324999999999992184e-01,1.165998323257646074e+00,1.317038797100111487e-16,1.000000000000000000e+00,2.105719157007619469e-01
4.375000000000000000e-01,1.163157862651659435e+00,-1.320255038798543134e-16,1.000000000000000000e+00,2.105719157007619469e-01
4.424999999999998934e-01,1.160215433692533660e+00,3.492873260920259459e-19,1.000000000000000000e+00,2.105719157007619469e-01
4.474999999999997868e-01,1.157172875302587833e+00,-3.502057083901118143e-19,1.000000000000000000e+00,2.105719157007619469e-01
4.524999999999996803e-01,1.154032088981775672e+00,1.053476459782128983e-18,1.000000000000000000e+00,2.105719157007619469e-01
4.574999999999995737e-01,1.150795037619310790e+00,-1.056439765408226554e-18,1.000000000000000000e+00,2.105719157007619469e-01
4.624999999999994671e-01,1.147463744266924213e+00,0.000000000000000000e+00,1.000000000000000000e+00,2.105719157007619469e-01
4.674999999999993605e-01,1.144040290874522858e+00,0.000000000000000000e+00,1.000000000000000000e+00,2.105719157007619469e-01
4.724999999999992539e-01,1.140526816989039016e+00,7.632275743220085862e-16,1.000000000000000000e+00,2.105719157007619469e-01
4.774999999999991473e-01,1.136925518417282177e+00,1.814033932060261811e-15,1.000000000000000000e+00,2.105719157007619469e-01
4.824999999999999289e-01,1.133238645853631876e+00,1.537833892949909929e-15,1.000000000000000000e+00,2.105719157007619469e-01
4.874999999999998224e-01,1.129468503473429086e+00,-1.826724708506745836e-16,1.000000000000000000e+00,2.105719157007619469e-01
4.924999999999997158e-01,1.125617447492937018e+00,-1.938755834617930932e-15,1.000000000000000000e+00,2.105719157007619469e-01
4.974999999999996092e-01,1.121687884696786153e+00,-1.785604497686153861e-15,1.000000000000000000e+00,2.105719157007619469e-01
5.024999999999995026e-01,1.117682270933811672e+00,1.349611636609582034e-16,1.000000000000000000e+00,2.105719157007619469e-01
5.074999999999993960e-01,1.113603109582226525e+00,1.572376318789931148e-15,1.000000000000000000e+00,2.105719157007619469e-01
5.124999999999992895e-01,1.109452949985093584e+00,8.075346826235965318e-16,1.000000000000000000e+00,2.105719157007619469e-01
5.174999999999991829e-01,1.105234385857067236e+00,-6.628092708852725757e-16,1.000000000000000000e+00,2.105719157007619469e-01
5.224999999999999645e-01,1.100950053663406702e+00,-1.006996656371827541e-15,1.000000000000000000e+00,2.105719157007619469e-01
5.274999999999998579e-01,1.096602630972273174e+00,-7.935466571074047899e-16,1.000000000000000000e+00,2.105719157007619469e-01
5.324999999999997513e-01,1.092194834781333501e+00,-3.392025530793591738e-16,1.000000000000000000e+00,2.105719157007619469e-01
5.374999999999996447e-01,1.087729419819726928e+00,2.922144768989398596e-16,1.000000000000000000e+00,2.105719157007619469e-01
5.424999999999995381e-01,1.083209176826448905e+00,1.147492891973274918e-15,1.000000000000000000e+00,2.105719157007619469e-01
5.474999999999994316e-01,1.078636930806230021e+00,1.736084236262290874e-15,1.000000000000000000e+00,2.105719157007619469e-01
5.524999999999993250e-01,1.074015539263999619e+00,1.000377468666632548e-15,1.000000000000000000e+00,2.105719157007619469e-01
5.574999999999992184e-01,1.069347890419039215e+00,2.587848025060430968e-17,1.000000000000000000e+00,2.105719157007619469e-01
5.624999999999991118e-01,1.064636901399938163e+00,-6.356841371364459101e-16,1.000000000000000000e+00,2.105719157007619469e-01
5.674999999999998934e-01,1.059885516421483320e+00,-9.710253367669927885e-16,1.000000000000000000e+00,2.105719157007619469e-01
5.724999999999997868e-01,1.055096704944623598e+00,-1.023483244353525752e-15,1.000000000000000000e+00,2.105719157007619469e-01
5.774999999999996803e-01,1.050273459820648458e+00,-8.608257788847710660e-16,1.000000000000000000e+00,2.105719157007619469e-01
5.824999999999995737e-01,1.045418795420757441e+00,-5.684597894210309311e-16,1.000000000000000000e+00,2.105719157007619469e-01
5.874999999999994671e-01,1.040535745752174002e+00,-2.415298424044392939e-16,1.000000000000000000e+00,2.105719157007619469e-01
5.924999999999993605e-01,1.035627362561990727e+00,3.913072994929755700e-19,1.000000000000000000e+00,2.105719157007619469e-01
5.974999999999992539e-01,1.030696713429927192e+00,-3.931792361853848922e-19,1.000000000000000000e+00,2.105719157007619469e-01
6.024999999999991473e-01,1.025746879851191062e+00,5.382003202240135090e-18,1.000000000000000000e+00,2.105719157007619469e-01
6.074999999999999289e-01,1.020780955310643945e+00,-3.026206945948226236e-18,1.000000000000000000e+00,2.105719157007619469e-01
6.124999999999998224e-01,1.015802043349478101e+00,-2.393653951292230552e-18,1.000000000000000000e+00,2.105719157007619469e-01
6.174999999999997158e-01,1.010813255625597540e+00,7.075532930890204025e-17,1.000000000000000000e+00,2.105719157007619469e-01
6.224999999999996092e-01,1.005817709968937601e+00,-9.229422584908566067e-18,1.000000000000000000e+00,2.105719157007619469e-01
6.274999999999995026e-01,1.000818528432921628e+00,3.208887968864214670e-16,1.000000000000000000e+00,2.105719157007619469e-01
6.324999999999993960e-01,9.958188353432793072e-01,1.212487575219257922e-15,1.000000000000000000e+00,2.105719157007619469e-01
6.374999999999992895e-01,9.908217553454448101e-01,1.991279048671125604e-15,1.000000000000000000e+00,2.105719157007619469e-01
6.424999999999991829e-01,9.858304114517545402e-01,1.128218088680735023e-15,1.000000000000000000e+00,2.105719157007619469e-01
6.474999999999999645e-01,9.808479230896660628e-01,-9.243222503020145977e-16,1.000000000000000000e+00,2.105719157007619469e-01
6.524999999999998579e-01,9.758774041522203513e-01,-1.663563902173001027e-15,1.000000000000000000e+00,2.105719157007619469e-01
6.574999999999997513e-01,9.709219610519551624e-01,-1.463958661674004722e-15,1.000000000000000000e+00,2.105719157007619469e-01
6.624999999999996447e-01,9.659846907795014426e-01,-7.501127521082586483e-16,1.000000000000000000e+00,2.105719157007619469e-01
6.674999999999995381e-01,9.610686789680644715e-01,1.304597653135233496e-17,1.000000000000000000e+00,2.105719157007619469e-01
6.724999999999994316e-01,9.561769979650032170e-01,2.968562939030925424e-16,1.000000000000000000e+00,2.105719157007619469e-01
6.774999999999993250e-01,9.513127049117136025e-01,1.516766532306566401e-15,1.000000000000000000e+00,2.105719157007619469e-01
6.824999999999992184e-01,9.464788398330141739e-01,2.214367653066315510e-15,1.000000000000000000e+00,2.105719157007619469e-01
6.874999999999991118e-01,9.416784237372303190e-01,8.925330799281556443e-16,1.000000000000000000e+00,2.105719157007619469e-01
6.924999999999998934e-01,9.369144567281604274e-01,-1.059446588825079946e-15,1.000000000000000000e+00,2.105719157007619469e-01
6.974999999999997868e-01,9.321899161301132608e-01,-2.205914452579680446e-15,1.000000000000000000e+00,2.105719157007619469e-01
7.024999999999996803e-01,9.275077546271712770e-01,-1.216431490709480056e-15,1.000000000000000000e+00,2.105719157007619469e-01
7.074999999999995737e-01,9.228708984178628505e-01,2.005252712725684131e-16,1.000000000000000000e+00,2.105719157007619469e-01
7.124999999999994671e-01,9.182822453863825896e-01,1.882783945320123776e-16,1.000000000000000000e+00,2.105719157007619469e-01
7.174999999999993605e-01,9.137446632915080524e-01,-3.037201932159670000e-16,1.000000000000000000e+00,2.105719157007619469e-01
7.224999999999992539e-01,9.092609879743440704e-01,-4.375589388356362236e-16,1.000000000000000000e+00,2.105719157007619469e-01
7.274999999999991473e-01,9.048340215860136704e-01,-4.158052246635703659e-17,1.000000000000000000e+00,2.105719157007619469e-01
7.324999999999999289e-01,9.004665308364049325e-01,2.744820947134224551e-16,1.000000000000000000e+00,2.105719157007619469e-01
7.374999999999998224e-01,8.961612452650699057e-01,1.390646678053986675e-15,1.000000000000000000e+00,2.105719157007619469e-01
7.424999999999997158e-01,8.919208555353468348e-01,1.976597641831710807e-15,1.000000000000000000e+00,2.105719157007619469e-01
7.474999999999996092e-01,8.877480117527861703e-01,1.437195246061087960e-15,1.000000000000000000e+00,2.105719157007619469e-01
7.524999999999995026e-01,8.836453218089200812e-01,-8.276243219054942191e-17,1.000000000000000000e+00,2.105719157007619469e-01
7.574999999999993960e-01,8.796153497514150876e-01,-1.661526207858226761e-15,1.000000000000000000e+00,2.105719157007619469e-01
7.624999999999992895e-01,8.756606141816258848e-01,-2.314153757635590653e-15,1.000000000000000000e+00,2.105719157007619469e-01
7.674999999999991829e-01,8.717835866805515588e-01,-9.755394322118576832e-16,1.000000000000000000e+00,2.105719157007619469e-01
7.724999999999990763e-01,8.679866902641774074e-01,4.855428756140366794e-16,1.000000000000000000e+00,2.105719157007619469e-01
7.774999999999998579e-01,8.642722978691688152e-01,2.309923891989244672e-16,1.000000000000000000e+00,2.105719157007619469e-01
7.824999999999997513e-01,8.606427308698652023e-01,-5.064329631015579987e-16,1.000000000000000000e+00,2.105719157007619469e-01
7.874999999999996447e-01,8.571002576274928675e-01,-5.242722177190413632e-16,1.000000000000000000e+00,2.105719157007619469e-01
7.924999999999995381e-01,8.536470920725161005e-01,6.746319962943748208e-16,1.000000000000000000e+00,2.105719157007619469e-01
7.974999999999994316e-01,8.502853923210010878e-01,1.928333372661213688e-15,1.000000000000000000e+00,2.105719157007619469e-01
8.024999999999993250e-01,8.470172593258646909e-01,1.655630956955977331e-15,1.000000000000000000e+00,2.105719157007619469e-01
8.074999999999992184e-01,8.438447355638463154e-01,9.021164682683329684e-16,1.000000000000000000e+00,2.105719157007619469e-01
8.124999999999991118e-01,8.407698037590273232e-01,2.965567959322489631e-16,1.000000000000000000e+00,2.105719157007619469e-01
8.174999999999998934e-01,8.377943856436917969e-01,5.630762907104509399e-17,1.000000000000000000e+00,2.105719157007619469e-01
8.224999999999997868e-01,8.349203407573088098e-01,-4.853739054405925158e-19,1.000000000000000000e+00,2.105719157007619469e-01
8.274999999999996803e-01,8.321494652843776096e-01,-1.297397530172845529e-16,1.000000000000000000e+00,2.105719157007619469e-01
8.324999999999995737e-01,8.294834909318729022e-01,-3.840124953499178879e-16,1.000000000000000000e+00,2.105719157007619469e-01
8.374999999999994671e-01,8.269240838469839039e-01,1.659560034879752093e-16,1.000000000000000000e+00,2.105719157007619469e-01
8.424999999999993605e-01,8.244728435758261753e-01,3.513361609956455633e-16,1.000000000000000000e+00,2.105719157007619469e-01
8.474999999999992539e-01,8.221313020637779356e-01,-1.478773082260262651e-18,1.000000000000000000e+00,2.105719157007619469e-01
8.524999999999991473e-01,8.199009226980638054e-01,-4.355837734860248245e-17,1.000000000000000000e+00,2.105719157007619469e-01
8.574999999999999289e-01,8.177830993931849424e-01,4.515781684205451412e-17,1.000000000000000000e+00,2.105719157007619469e-01
8.624999999999998224e-01,8.157791557197695553e-01,-6.481670690852068920e-16,1.000000000000000000e+00,2.105719157007619469e-01
8.674999999999997158e-01,8.138903440773820330e-01,-1.681037511379968435e-15,1.000000000000000000e+00,2.105719157007619469e-01
8.724999999999996092e-01,8.121178449118153786e-01,-2.251147797227053248e-15,1.000000000000000000e+00,2.105719157007619469e-01
8.774999999999995026e-01,8.104627659773505632e-01,-1.172783183040273792e-15,1.000000000000000000e+00,2.105719157007619469e-01
8.824999999999993960e-01,8.089261416444466501e-01,0.000000000000000000e+00,1.000000000000000000e+00,2.105719157007619469e-01
8.874999999999992895e-01,8.075089322532922331e-01,5.674860393349485465e-17,1.000000000000000000e+00,2.105719157007619469e-01
8.924999999999991829e-01,8.062120235136249757e-01,-5.533191967940430586e-17,1.000000000000000000e+00,2.105719157007619469e-01
8.974999999999990763e-01,8.050362259511906204e-01,5.465343140945252782e-16,1.000000000000000000e+00,2.105719157007619469e-01
9.024999999999998579e-01,8.039822744011918543e-01,1.690366041475382704e-15,1.000000000000000000e+00,2.105719157007619469e-01
9.074999999999997513e-01,8.030508275490401138e-01,1.926397487204676868e-15,1.000000000000000000e+00,2.105719157007619469e-01
9.124999999999996447e-01,8.022424675186978771e-01,1.655884272770976895e-15,1.000000000000000000e+00,2.105719157007619469e-01
9.174999999999995381e-01,8.015576995088709022e-01,-1.727894485478445325e-17,1.000000000000000000e+00,2.105719157007619469e-01
9.224999999999994316e-01,8.009969514772751209e-01,-2.110555336711151494e-15,1.000000000000000000e+00,2.105719157007619469e-01
9.274999999999993250e-01,8.005605738731772503e-01,-2.528276329214921293e-15,1.000000000000000000e+00,2.105719157007619469e-01
9.324999999999992184e-01,8.002488394183749909e-01,-1.183630547659357956e-15,1.000000000000000000e+00,2.105719157007619469e-01
9.374999999999991118e-01,8.000619429367553659e-01,0.000000000000000000e+00,1.000000000000000000e+00,2.105719157007619469e-01
9.424999999999998934e-01,8.000000012325354515e-01,2.137758903801468147e-16,1.000000000000000000e+00,2.105719157007619469e-01
9.474999999999997868e-01,8.000630530172643251e-01,4.325458695148458244e-17,1.000000000000000000e+00,2.105719157007619469e-01
9.524999999999996803e-01,8.002510588856287521e-01,-1.277312944272741839e-16,1.000000000000000000e+00,2.105719157007619469e-01
9.574999999999995737e-01,8.005639013400810411e-01,-1.291714573560599481e-16,1.000000000000000000e+00,2.105719157007619469e-01
9.624999999999994671e-01,8.010013848642704160e-01,5.059273981078504525e-19,1.000000000000000000e+00,2.105719157007619469e-01
9.674999999999993605e-01,8.015632360452351612e-01,-5.055727711822048549e-19,1.000000000000000000e+00,2.105719157007619469e-01
9.724999999999992539e-01,8.022491037442760486e-01,5.363804859106508353e-16,1.000000000000000000e+00,2.105719157007619469e-01
9.774999999999991473e-01,8.030585593164072389e-01,6.108611435860342959e-16,1.000000000000000000e+00,2.105719157007619469e-01
9.824999999999990408e-01,8.039910968782449929e-01,1.991926027258358449e-18,1.000000000000000000e+00,2.105719157007619469e-01
9.874999999999998224e-01,8.050461336241688803e-01,-7.567956604515510657e-16,1.000000000000000000e+00,2.105719157007619469e-01
9.924999999999997158e-01,8.062230101905552004e-01,-3.870348736882376243e-16,1.000000000000000000e+00,2.105719157007619469e-01
9.974999999999996092e-01,8.075209910678590175e-01,-1.458393650658551923e-18,1.000000000000000000e+00,2.105719157007619469e-01
1.002499999999999503e+00,8.089392650602832413e-01,1.750654139173126491e-17,1.000000000000000000e+00,2.105719157007619469e-01
1.007499999999999396e+00,8.104769457927494258e-01,-1.747332703377829826e-17,1.000000000000000000e+00,2.105719157007619469e-01
1.012499999999999289e+00,8.121330722648534284e-01,7.960741571848244079e-16,1.000000000000000000e+00,2.105719157007619469e-01
1.017499999999999183e+00,8.139066094514593175e-01,1.457287476788027120e-15,1.000000000000000000e+00,2.105719157007619469e-01
1.022499999999999076e+00,8.157964489495568294e-01,5.699883676201547737e-16,1.000000000000000000e+00,2.105719157007619469e-01
1.027499999999999858e+00,8.178014096709766978e-01,-5.925976862105991862e-16,1.000000000000000000e+00,2.105719157007619469e-01
1.032499999999999751e+00,8.199202385805317572e-01,-1.223957928430499946e-15,1.000000000000000000e+00,2.105719157007619469e-01
1.037499999999999645e+00,8.221516114791246332e-01,-9.845306332278012276e-16,1.000000000000000000e+00,2.105719157007619469e-01
1.042499999999999538e+00,8.244941338313281909e-01,0.000000000000000000e+00,1.000000000000000000e+00,2.105719157007619469e-01
1.047499999999999432e+00,8.269463416369244868e-01,1.128395969165835099e-15,1.000000000000000000e+00,2.105719157007619469e-01
1.052499999999999325e+00,8.295067023458581046e-01,1.234570096458796735e-15,1.000000000000000000e+00,2.105719157007619469e-01
1.057499999999999218e+00,8.321736158160289998e-01,1.311942024135533488e-15,1.000000000000000000e+00,2.105719157007619469e-01
1.062499999999999112e+00,8.349454153133303302e-01,1.392354232145267455e-15,1.000000000000000000e+00,2.105719157007619469e-01
1.067499999999999893e+00,8.378203685533026635e-01,5.539676423409746515e-16,1.000000000000000000e+00,2.105719157007619469e-01
1.072499999999999787e+00,8.407966787837537481e-01,0.000000000000000000e+00,1.000000000000000000e+00,2.105719157007619469e-01
1.077499999999999680e+00,8.438724859076732754e-01,0.000000000000000000e+00,1.000000000000000000e+00,2.105719157007619469e-01
1.082499999999999574e+00,8.470458676457304215e-01,0.000000000000000000e+00,1.000000000000000000e+00,2.105719157007619469e-01
1.087499999999999467e+00,8.503148407376370788e-01,-8.816224060156991177e-16,1.000000000000000000e+00,2.105719157007619469e-01
1.092499999999999361e+00,8.536773621816204916e-01,-1.308545252520798515e-15,1.000000000000000000e+00,2.105719157007619469e-01
1.097499999999999254e+00,8.571313305112328029e-01,7.274577888016926393e-18,1.000000000000000000e+00,2.105719157007619469e-01
1.102499999999999147e+00,8.606745871086997068e-01,1.304208498905393588e-15,1.000000000000000000e+00,2.105719157007619469e-01
1.107499999999999041e+00,8.643049175539857520e-01,8.538626592506837541e-16,1.000000000000000000e+00,2.105719157007619469e-01
1.112499999999999822e+00,8.680200530087355260e-01,-1.765944566760048074e-17,1.000000000000000000e+00,2.105719157007619469e-01
1.117499999999999716e+00,8.718176716342215249e-01,1.758252151021637248e-17,1.000000000000000000e+00,2.105719157007619469e-01
1.122499999999999609e+00,8.756954000424211904e-01,0.000000000000000000e+00,1.000000000000000000e+00,2.105719157007619469e-01
1.127499999999999503e+00,8.796508147793049570e-01,-6.262380741739841871e-16,1.000000000000000000e+00,2.105719157007619469e-01
1.132499999999999396e+00,8.836814438394164917e-01,-1.546521241741951909e-15,1.000000000000000000e+00,2.105719157007619469e-01
1.137499999999999289e+00,8.877847682107961047e-01,-2.053147090653124345e-15,1.000000000000000000e+00,2.105719157007619469e-01
1.142499999999999183e+00,8.919582234492803297e-01,-1.048681528366990512e-15,1.000000000000000000e+00,2.105719157007619469e-01
1.147499999999999076e+00,8.961992012811972330e-01,0.000000000000000000e+00,1.000000000000000000e+00,2.105719157007619469e-01
1.152499999999999858e+00,9.005050512334522583e-01,5.255447405376939318e-17,1.000000000000000000e+00,2.105719157007619469e-01
1.157499999999999751e+00,9.048730822899850867e-01,-5.230078148702217231e-17,1.000000000000000000e+00,2.105719157007619469e-01
1.162499999999999645e+00,9.093005645735720011e-01,0.000000000000000000e+00,1.000000000000000000e+00,2.105719157007619469e-01
1.167499999999999538e+00,9.137847310519062738e-01,0.000000000000000000e+00,1.000000000000000000e+00,2.105719157007619469e-01
1.172499999999999432e+00,9.183227792669049760e-01,0.000000000000000000e+00,1.000000000000000000e+00,2.105719157007619469e-01
1.177499999999999325e+00,9.229118730861536335e-01,0.000000000000000000e+00,1.000000000000000000e+00,2.105719157007619469e-01
1.182499999999999218e+00,9.275491444753964920e-01,1.347107710694439709e-16,1.000000000000000000e+00,2.105719157007619469e-01
1.187499999999999112e+00,9.322316952909650567e-01,1.094977046518326141e-15,1.000000000000000000e+00,2.105719157007619469e-01
1.192499999999999005e+00,9.369565990910232456e-01,1.332847352749994988e-15,1.000000000000000000e+00,2.105719157007619469e-01
1.197499999999999787e+00,9.417209029644991736e-01,-2.290008836995926631e-17,1.000000000000000000e+00,2.105719157007619469e-01
1.202499999999999680e+00,9.465216293765548183e-01,-3.112990676983983403e-16,1.000000000000000000e+00,2.105719157007619469e-01
1.207499999999999574e+00,9.513557780294541466e-01,8.211778300282765814e-16,1.000000000000000000e+00,2.105719157007619469e-01
1.212499999999999467e+00,9.562203277376472021e-01,1.475373925075006111e-15,1.000000000000000000e+00,2.105719157007619469e-01
1.217499999999999361e+00,9.611122383159144134e-01,4.216931762953110118e-16,1.000000000000000000e+00,2.105719157007619469e-01
1.222499999999999254e+00,9.660284524793828487e-01,-6.465463082016452556e-17,1.000000000000000000e+00,2.105719157007619469e-01
1.227499999999999147e+00,9.709658977542300340e-01,6.432585645004672781e-17,1.000000000000000000e+00,2.105719157007619469e-01
1.232499999999999041e+00,9.759214883978800659e-01,-6.640540237826903743e-16,1.000000000000000000e+00,2.105719157007619469e-01
1.237499999999999822e+00,9.808921273274928687e-01,-1.848533041318165597e-15,1.000000000000000000e+00,2.105719157007619469e-01
1.242499999999999716e+00,9.858747080555370079e-01,-1.811880935348431183e-15,1.000000000000000000e+00,2.105719157007619469e-01
1.247499999999999609e+00,9.908661166312484614e-01,-4.320180991709241630e-16,1.000000000000000000e+00,2.105719157007619469e-01
1.252499999999999503e+00,9.958632335867444452e-01,8.927910930591170573e-16,1.000000000000000000e+00,2.105719157007619469e-01
1.257499999999999396e+00,1.000862935886591254e+00,2.063869670756325726e-15,1.000000000000000000e+00,2.105719157007619469e-01
1.262499999999999289e+00,1.005862098879598765e+00,1.710858080956974962e-15,1.000000000000000000e+00,2.105719157007619469e-01
1.267499999999999183e+00,1.010857598251626133e+00,0.000000000000000000e+00,1.000000000000000000e+00,2.105719157007619469e-01
1.272499999999999076e+00,1.015846311978176209e+00,-1.400861382614651265e-15,1.000000000000000000e+00,2.105719157007619469e-01
1.277499999999999858e+00,1.020825122275560437e+00,-2.009468641167801818e-15,1.000000000000000000e+00,2.105719157007619469e-01
1.282499999999999751e+00,1.025790917549408654e+00,-1.007104022743265377e-15,1.000000000000000000e+00,2.105719157007619469e-01
1.287499999999999645e+00,1.030740594339319083e+00,9.037040657083525515e-18,1.000000000000000000e+00,2.105719157007619469e-01
1.292499999999999538e+00,1.035671059258417070e+00,-1.713831105650796720e-16,1.000000000000000000e+00,2.105719157007619469e-01
1.297499999999999432e+00,1.040579230926621523e+00,3.471284869112157744e-16,1.000000000000000000e+00,2.105719157007619469e-01
1.302499999999999325e+00,1.045462041896407790e+00,1.253104602706736925e-15,1.000000000000000000e+00,2.105719157007619469e-01
1.307499999999999218e+00,1.050316440569862397e+00,1.842477469338641476e-15,1.000000000000000000e+00,2.105719157007619469e-01
1.312499999999999112e+00,1.055139393105831491e+00,1.013291155623396081e-15,1.000000000000000000e+00,2.105719157007619469e-01
1.317499999999999005e+00,1.059927885315974150e+00,-6.313287489117831064e-18,1.000000000000000000e+00,2.105719157007619469e-01
1.322499999999999787e+00,1.064678924548531969e+00,-4.121087353738431414e-16,1.000000000000000000e+00,2.105719157007619469e-01
1.327499999999999680e+00,1.069389541558636303e+00,-1.293184701105271618e-15,1.000000000000000000e+00,2.105719157007619469e-01
1.332499999999999574e+00,1.074056792363993207e+00,-1.628898655281363165e-15,1.000000000000000000e+00,2.105719157007619469e-01
1.337499999999999467e+00,1.078677760084775450e+00,-1.017665191174665663e-15,1.000000000000000000e+00,2.105719157007619469e-01
1.342499999999999361e+00,1.083249556766576305e+00,3.342681031683932196e-16,1.000000000000000000e+00,2.105719157007619469e-01
1.347499999999999254e+00,1.087769325185288238e+00,1.608476040894789129e-15,1.000000000000000000e+00,2.105719157007619469e-01
1.352499999999999147e+00,1.092234240632774078e+00,1.492918837790328642e-15,1.000000000000000000e+00,2.105719157007619469e-01
1.357499999999999041e+00,1.096641512682218655e+00,8.510274569363646125e-16,1.000000000000000000e+00,2.105719157007619469e-01
1.362499999999999822e+00,1.100988386932054697e+00,1.104231119969590669e-18,1.000000000000000000e+00,2.105719157007619469e-01
1.367499999999999716e+00,1.105272146727371396e+00,-1.252747526562043541e-15,1.000000000000000000e+00,2.105719157007619469e-01
1.372499999999999609e+00,1.109490114857739629e+00,-1.739243553948086314e-15,1.000000000000000000e+00,2.105719157007619469e-01
1.377499999999999503e+00,1.113639655230378889e+00,-1.158836061848460876e-15,1.000000000000000000e+00,2.105719157007619469e-01
1.382499999999999396e+00,1.117718174517629670e+00,-5.863909097883337125e-17,1.000000000000000000e+00,2.105719157007619469e-01
1.387499999999999289e+00,1.121723123777698783e+00,1.832785569911311777e-16,1.000000000000000000e+00,2.105719157007619469e-01
1.392499999999999183e+00,1.125652000047665746e+00,-1.630403413808066636e-18,1.000000000000000000e+00,2.105719157007619469e-01
1.397499999999999076e+00,1.129502347907751947e+00,-1.782589828248369930e-16,1.000000000000000000e+00,2.105719157007619469e-01
1.402499999999998970e+00,1.133271761015879342e+00,-7.846193108823746523e-18,1.000000000000000000e+00,2.105719157007619469e-01
1.407499999999999751e+00,1.136957883611555475e+00,7.490867044793007354e-16,1.000000000000000000e+00,2.105719157007619469e-01
1.412499999999999645e+00,1.140558411988145338e+00,1.310556967042577322e-15,1.000000000000000000e+00,2.105719157007619469e-01
1.417499999999999538e+00,1.144071095932616355e+00,1.302075517489321453e-15,1.000000000000000000e+00,2.105719157007619469e-01
1.422499999999999432e+00,1.147493740131846129e+00,7.316135871158252470e-16,1.000000000000000000e+00,2.105719157007619469e-01
1.427499999999999325e+00,1.150824205544622059e+00,-7.381047847291386837e-18,1.000000000000000000e+00,2.105719157007619469e-01
1.432499999999999218e+00,1.154060410738472431e+00,-1.359222910431850311e-16,1.000000000000000000e+00,2.105719157007619469e-01
1.437499999999999112e+00,1.157200333190494090e+00,-2.503661755357862345e-17,1.000000000000000000e+00,2.105719157007619469e-01
1.442499999999999005e+00,1.160242010551363334e+00,8.390902228845705813e-17,1.000000000000000000e+00,2.105719157007619469e-01
1.447499999999999787e+00,1.163183541871741333e+00,8.336984621559989836e-17,1.000000000000000000e+00,2.105719157007619469e-01
1.452499999999999680e+00,1.166023088790302253e+00,0.000000000000000000e+00,1.000000000000000000e+00,2.105719157007619469e-01
1.457499999999999574e+00,1.168758876682654213e+00,9.819508367493018949e-18,1.000000000000000000e+00,2.105719157007619469e-01
1.462499999999999467e+00,1.171389195770418112e+00,-1.083532548752494624e-17,1.000000000000000000e+00,2.105719157007619469e-01
1.467499999999999361e+00,1.173912402189784654e+00,-2.753166554755446962e-16,1.000000000000000000e+00,2.105719157007619469e-01
1.472499999999999254e+00,1.176326919018875650e+00,-1.096123223576433406e-15,1.000000000000000000e+00,2.105719157007619469e-01
1.477499999999999147e+00,1.178631237263268794e+00,-1.293441892116988728e-15,1.000000000000000000e+00,2.105719157007619469e-01
1.482499999999999041e+00,1.180823916799070172e+00,-7.774694434060173910e-16,1.000000000000000000e+00,2.105719157007619469e-01
1.487499999999999822e+00,1.182903587272945201e+00,-5.235233219312816446e-16,1.000000000000000000e+00,2.105719157007619469e-01
1.492499999999999716e+00,1.184868948958543111e+00,0.000000000000000000e+00,1.000000000000000000e+00,2.105719157007619469e-01
1.497499999999999609e+00,1.186718773568785856e+00,2.323856331251732169e-16,1.000000000000000000e+00,2.105719157007619469e-01
1.502499999999999503e+00,1.188451905023506505e+00,4.239662856045546410e-16,1.000000000000000000e+00,2.105719157007619469e-01
1.507499999999999396e+00,1.190067260171961738e+00,6.801515201763278072e-16,1.000000000000000000e+00,2.105719157007619469e-01
1.512499999999999289e+00,1.191563829469766134e+00,9.541677998513297782e-16,1.000000000000000000e+00,2.105719157007619469e-01
1.517499999999999183e+00,1.192940677609823474e+00,1.042366839064068001e-15,1.000000000000000000e+00,2.105719157007619469e-01
1.522499999999999076e+00,1.194196944106865166e+00,5.913062800791826207e-16,1.000000000000000000e+00,2.105719157007619469e-01
1.527499999999998970e+00,1.195331843835223173e+00,-8.955931619237148696e-16,1.000000000000000000e+00,2.105719157007619469e-01
1.532499999999999751e+00,1.196344667519510629e+00,-1.322974752042491649e-15,1.000000000000000000e+00,2.105719157007619469e-01
1.537499999999999645e+00,1.197234782177892809e+00,-1.106306941304699007e-15,1.000000000000000000e+00,2.105719157007619469e-01
1.542499999999999538e+00,1.198001631517683130e+00,-5.791390087376445257e-16,1.000000000000000000e+00,2.105719157007619469e-01
1.547499999999999432e+00,1.198644736283006385e+00,-3.380768471326582925e-18,1.000000000000000000e+00,2.105719157007619469e-01
1.552499999999999325e+00,1.199163694554318038e+00,4.271647909543563782e-16,1.000000000000000000e+00,2.105719157007619469e-01
1.557499999999999218e+00,1.199558181999591078e+00,3.458896030512002956e-16,1.000000000000000000e+00,2.105719157007619469e-01
1.562499999999999112e+00,1.199827952077014093e+00,-1.697556462423193705e-16,1.000000000000000000e+00,2.105719157007619469e-01
1.567499999999999005e+00,1.199972836189069358e+00,-6.029116835896302596e-16,1.000000000000000000e+00,2.105719157007619469e-01
1.572499999999999787e+00,1.199992743787903215e+00,0.000000000000000000e+00,1.000000000000000000e+00,2.105719157007619469e-01
1.577499999999999680e+00,1.199887662431914359e+00,4.496859034893348809e-16,1.000000000000000000e+00,2.105719157007619469e-01
1.582499999999999574e+00,1.199657657793530063e+00,-1.145453433298661495e-16,1.000000000000000000e+00,2.105719157007619469e-01
1.587499999999999467e+00,1.199302873618162124e+00,-3.353259448656824367e-16,1.000000000000000000e+00,2.105719157007619469e-01
1.592499999999999361e+00,1.198823531634371387e+00,7.840650075199635551e-16,1.000000000000000000e+00,2.105719157007619469e-01
1.597499999999999254e+00,1.198219931415294592e+00,1.844519679290573741e-15,1.000000000000000000e+00,2.105719157007619469e-01
1.602499999999999147e+00,1.197492450191420366e+00,1.273606951975546099e-15,1.000000000000000000e+00,2.105719157007619469e-01
1.607499999999999041e+00,1.196641542614833353e+00,-1.051011728355963512e-16,1.000000000000000000e+00,2.105719157007619469e-01
1.612499999999999822e+00,1.195667740475070406e+00,-1.637047456284304909e-15,1.000000000000000000e+00,2.105719157007619469e-01
1.617499999999999716e+00,1.194571652366770653e+00,-1.734226107022909636e-15,1.000000000000000000e+00,2.105719157007619469e-01
1.622499999999999609e+00,1.193353963309322419e+00,-4.361153031880127125e-16,1.000000000000000000e+00,2.105719157007619469e-01
1.627499999999999503e+00,1.192015434318748790e+00,5.935887403284325524e-16,1.000000000000000000e+00,2.105719157007619469e-01
1.632499999999999396e+00,1.190556901932098288e+00,6.227613398690533710e-16,1.000000000000000000e+00,2.105719157007619469e-01
1.637499999999999289e+00,1.188979277684635294e+00,1.371337550577686402e-16,1.000000000000000000e+00,2.105719157007619469e-01
1.642499999999999183e+00,1.187283547540160411e+00,2.629885107106210218e-16,1.000000000000000000e+00,2.105719157007619469e-01
1.647499999999999076e+00,1.185470771274815593e+00,1.713847351482320144e-16,1.000000000000000000e+00,2.105719157007619469e-01
1.652499999999998970e+00,1.183542081814757951e+00,-3.548376025714069013e-16,1.000000000000000000e+00,2.105719157007619469e-01
1.657499999999999751e+00,1.181498684528118792e+00,-9.139681544580997675e-16,1.000000000000000000e+00,2.105719157007619469e-01
1.662499999999999645e+00,1.179341856471686878e+00,-4.892678020438371010e-16,1.000000000000000000e+00,2.105719157007619469e-01
1.667499999999999538e+00,1.177072945592789521e+00,-4.301438230348670714e-17,1.000000000000000000e+00,2.105719157007619469e-01
1.672499999999999432e+00,1.174693369886870231e+00,4.683694904036852078e-17,1.000000000000000000e+00,2.105719157007619469e-01
1.677499999999999325e+00,1.172204616511286268e+00,-9.201011407498549631e-18,1.000000000000000000e+00,2.105719157007619469e-01
1.682499999999999218e+00,1.169608240855884551e+00,-3.781914653973237436e-17,1.000000000000000000e+00,2.105719157007619469e-01
1.687499999999999112e+00,1.166905865570934786e+00,1.041854082189110585e-18,1.000000000000000000e+00,2.105719157007619469e-01
1.692499999999999005e+00,1.164099179553023777e+00,-1.044366030772655255e-18,1.000000000000000000e+00,2.105719157007619469e-01
1.697499999999999787e+00,1.161189936889550189e+00,6.108173619774178017e-17,1.000000000000000000e+00,2.105719157007619469e-01
1.702499999999999680e+00,1.158179955762480118e+00,2.062437259495312695e-17,1.000000000000000000e+00,2.105719157007619469e-01
1.707499999999999574e+00,1.155071117312038709e+00,-8.208519018366021406e-17,1.000000000000000000e+00,2.105719157007619469e-01
1.712499999999999467e+00,1.151865364461059915e+00,0.000000000000000000e+00,1.000000000000000000e+00,2.105719157007619469e-01
1.717499999999999361e+00,1.148564700700723584e+00,7.149545883412724036e-16,1.000000000000000000e+00,2.105719157007619469e-01
1.722499999999999254e+00,1.145171188838439269e+00,1.424806640701683676e-15,1.000000000000000000e+00,2.105719157007619469e-01
1.727499999999999147e+00,1.141686949708657250e+00,1.508433339604304145e-15,1.000000000000000000e+00,2.105719157007619469e-01
1.732499999999999041e+00,1.138114160847416789e+00,3.458476162615690637e-16,1.000000000000000000e+00,2.105719157007619469e-01
1.737499999999998934e+00,1.134455055131456280e+00,-3.360952800736743851e-17,1.000000000000000000e+00,2.105719157007619469e-01
1.742499999999999716e+00,1.130711919382739072e+00,-2.125819456884377927e-16,1.000000000000000000e+00,2.105719157007619469e-01
1.747499999999999609e+00,1.126887092939265367e+00,-2.861207106925887870e-16,1.000000000000000000e+00,2.105719157007619469e-01
1.752499999999999503e+00,1.122982966193057264e+00,-1.076650866563975213e-15,1.000000000000000000e+00,2.105719157007619469e-01
1.757499999999999396e+00,1.119001979096246879e+00,-1.460657988598340822e-15,1.000000000000000000e+00,2.105719157007619469e-01
1.762499999999999289e+00,1.114946619636183245e+00,-1.008235629462166851e-15,1.000000000000000000e+00,2.105719157007619469e-01
1.767499999999999183e+00,1.110819422280520996e+00,1.094458392777793371e-18,1.000000000000000000e+00,2.105719157007619469e-01
1.772499999999999076e+00,1.106622966393261187e+00,5.539193948166963815e-16,1.000000000000000000e+00,2.105719157007619469e-01
1.777499999999998970e+00,1.102359874622732772e+00,1.172745211694982484e-15,1.000000000000000000e+00,2.105719157007619469e-01
1.782499999999999751e+00,1.098032811262522834e+00,1.624298427390146261e-15,1.000000000000000000e+00,2.105719157007619469e-01
1.787499999999999645e+00,1.093644480586379641e+00,9.007679350429365342e-16,1.000000000000000000e+00,2.105719157007619469e-01
1.792499999999999538e+00,1.089197625158129457e+00,-9.480696882157107930e-17,1.000000000000000000e+00,2.105719157007619469e-01
1.797499999999999432e+00,1.084695024117663831e+00,-1.204198085285142327e-15,1.000000000000000000e+00,2.105719157007619469e-01
1.802499999999999325e+00,1.080139491444066735e+00,-1.852626489638740095e-15,1.000000000000000000e+00,2.105719157007619469e-01
1.807499999999999218e+00,1.075533874196969775e+00,-1.026867116582026808e-15,1.000000000000000000e+00,2.105719157007619469e-01
1.812499999999999112e+00,1.070881050737233497e+00,1.892374608508160027e-17,1.000000000000000000e+00,2.105719157007619469e-01
1.817499999999999005e+00,1.066183928928064573e+00,4.436602750606960376e-16,1.000000000000000000e+00,2.105719157007619469e-01
1.822499999999999787e+00,1.061445444317694609e+00,-1.892987794013888885e-16,1.000000000000000000e+00,2.105719157007619469e-01
1.827499999999999680e+00,1.056668558304762140e+00,-4.287223176231432281e-16,1.000000000000000000e+00,2.105719157007619469e-01
1.832499999999999574e+00,1.051856256287530877e+00,0.000000000000000000e+00,1.000000000000000000e+00,2.105719157007619469e-01
1.837499999999999467e+00,1.047011545798113730e+00,1.596200063477925149e-16,1.000000000000000000e+00,2.105719157007619469e-01
1.842499999999999361e+00,1.042137454622864334e+00,-1.603665513077513338e-16,1.000000000000000000e+00,2.105719157007619469e-01
1.847499999999999254e+00,1.037237028910109160e+00,0.000000000000000000e+00,1.000000000000000000e+00,2.105719157007619469e-01
1.852499999999999147e+00,1.032313331266403011e+00,0.000000000000000000e+00,1.000000000000000000e+00,2.105719157007619469e-01
1.857499999999999041e+00,1.027369438842499649e+00,0.000000000000000000e+00,1.000000000000000000e+00,2.105719157007619469e-01
1.862499999999998934e+00,1.022408441410233237e+00,0.000000000000000000e+00,1.000000000000000000e+00,2.105719157007619469e-01
1.867499999999999716e+00,1.017433439431510767e+00,1.194914175668131817e-18,1.000000000000000000e+00,2.105719157007619469e-01
1.872499999999999609e+00,1.012447542120627819e+00,-1.200798647828260729e-18,1.000000000000000000e+00,2.105719157007619469e-01
1.877499999999999503e+00,1.007453865501104051e+00,3.620065043090587714e-18,1.000000000000000000e+00,2.105719157007619469e-01
1.882499999999999396e+00,1.002455530458275845e+00,2.425338603435640834e-18,1.000000000000000000e+00,2.105719157007619469e-01
1.887499999999999289e+00,9.974556607888425130e-01,-2.031247575114482539e-18,1.000000000000000000e+00,2.105719157007619469e-01
1.892499999999999183e+00,9.924573812485943947e-01,-4.083060191376083028e-18,1.000000000000000000e+00,2.105719157007619469e-01
1.897499999999999076e+00,9.874638155995426603e-01,3.988579501702621157e-18,1.000000000000000000e+00,2.105719157007619469e-01
1.902499999999998970e+00,9.824780846576708360e-01,-4.008820140701386729e-18,1.000000000000000000e+00,2.105719157007619469e-01
1.907499999999999751e+00,9.775033043425246371e-01,0.000000000000000000e+00,1.000000000000000000e+00,2.105719157007619469e-01
1.912499999999999645e+00,9.725425837298656839e-01,9.579858653747259324e-17,1.000000000000000000e+00,2.105719157007619469e-01
1.917499999999999538e+00,9.675990231085980220e-01,-5.378901756168081161e-17,1.000000000000000000e+00,2.105719157007619469e-01
1.922499999999999432e+00,9.626757120431905790e-01,-2.874033808248486573e-17,1.000000000000000000e+00,2.105719157007619469e-01
1.927499999999999325e+00,9.577757274427981526e-01,1.321464228443135482e-15,1.000000000000000000e+00,2.105719157007619469e-01
1.932499999999999218e+00,9.529021316382941809e-01,2.316039524286370145e-15,1.000000000000000000e+00,2.105719157007619469e-01
1.937499999999999112e+00,9.480579704684144460e-01,1.254301773278884345e-15,1.000000000000000000e+00,2.105719157007619469e-01
1.942499999999999005e+00,9.432462713762062023e-01,-6.606696190910895662e-16,1.000000000000000000e+00,2.105719157007619469e-01
1.947499999999998899e+00,9.384700415169743293e-01,-2.159055309127550682e-15,1.000000000000000000e+00,2.105719157007619469e-01
1.952499999999999680e+00,9.337322658789062313e-01,-1.715406510598634631e-15,1.000000000000000000e+00,2.105719157007619469e-01
1.957499999999999574e+00,9.290359054175574283e-01,-4.565132989266446866e-16,1.000000000000000000e+00,2.105719157007619469e-01
1.962499999999999467e+00,9.243838952053415881e-01,7.187407117942118574e-16,1.000000000000000000e+00,2.105719157007619469e-01
1.967499999999999361e+00,9.197791425972117185e-01,1.131965664384744230e-15,1.000000000000000000e+00,2.105719157007619469e-01
1.972499999999999254e+00,9.152245254136568420e-01,9.809974773991382427e-16,1.000000000000000000e+00,2.105719157007619469e-01
1.977499999999999147e+00,9.107228901421580147e-01,1.298841892689455077e-15,1.000000000000000000e+00,2.105719157007619469e-01
1.982499999999999041e+00,9.062770501582249061e-01,9.813412386115817927e-16,1.000000000000000000e+00,2.105719157007619469e-01
1.987499999999998934e+00,9.018897839671289329e-01,-2.654200777358286045e-16,1.000000000000000000e+00,2.105719157007619469e-01
1.992499999999999716e+00,8.975638334674274077e-01,-1.896906349454944998e-15,1.000000000000000000e+00,2.105719157007619469e-01
1.997499999999999609e+00,8.933019022373686058e-01,-2.133991597146368151e-15,1.000000000000000000e+00,2.105719157007619469e-01
2.002499999999999503e+00,8.891066538452380152e-01,-9.291878419660320951e-16,1.000000000000000000e+00,2.105719157007619469e-01
2.007499999999999396e+00,8.849807101847200208e-01,-1.373753829415938317e-18,1.000000000000000000e+00,2.105719157007619469e-01
2.012499999999999289e+00,8.809266498362973152e-01,1.222553726143953415e-16,1.000000000000000000e+00,2.105719157007619469e-01
2.017499999999999183e+00,8.769470064557221001e-01,-2.144693211328463149e-17,1.000000000000000000e+00,2.105719157007619469e-01
2.022499999999999076e+00,8.730442671905638274e-01,-1.018163640124801269e-16,1.000000000000000000e+00,2.105719157007619469e-01
2.027499999999998970e+00,8.692208711258240239e-01,0.000000000000000000e+00,1.000000000000000000e+00,2.105719157007619469e-01
2.032499999999999751e+00,8.654792077595858668e-01,1.740418536849376866e-16,1.000000000000000000e+00,2.105719157007619469e-01
2.037499999999999645e+00,8.618216155096574127e-01,-1.509039334176175285e-16,1.000000000000000000e+00,2.105719157007619469e-01
2.042499999999999538e+00,8.582503802521348479e-01,-2.350373023670017360e-17,1.000000000000000000e+00,2.105719157007619469e-01
2.047499999999999432e+00,8.547677338928056923e-01,-4.741037014576716911e-19,1.000000000000000000e+00,2.105719157007619469e-01
2.052499999999999325e+00,8.513758529722792456e-01,8.735435004180745386e-16,1.000000000000000000e+00,2.105719157007619469e-01
2.057499999999999218e+00,8.480768573057199111e-01,1.659441598164641059e-15,1.000000000000000000e+00,2.105719157007619469e-01
2.062499999999999112e+00,8.448728086580328256e-01,1.812112825881591958e-15,1.000000000000000000e+00,2.105719157007619469e-01
2.067499999999999005e+00,8.417657094553265829e-01,1.178430139023261295e-15,1.000000000000000000e+00,2.105719157007619469e-01
2.072499999999998899e+00,8.387575015334622908e-01,1.932608588717813548e-18,1.000000000000000000e+00,2.105719157007619469e-01
2.077499999999999680e+00,8.358500649244687830e-01,-1.057983321259254206e-15,1.000000000000000000e+00,2.105719157007619469e-01
2.082499999999999574e+00,8.330452166815873749e-01,-8.944400692632169135e-16,1.000000000000000000e+00,2.105719157007619469e-01
2.087499999999999467e+00,8.303447097436670310e-01,-7.207783705822446728e-16,1.000000000000000000e+00,2.105719157007619469e-01
2.092499999999999361e+00,8.277502318396386949e-01,-9.800330775603759721e-16,1.000000000000000000e+00,2.105719157007619469e-01
2.097499999999999254e+00,8.252634044337385788e-01,-1.322521086495149021e-15,1.000000000000000000e+00,2.105719157007619469e-01
2.102499999999999147e+00,8.228857817121458806e-01,-5.950275174205093271e-16,1.000000000000000000e+00,2.105719157007619469e-01
2.107499999999999041e+00,8.206188496116663122e-01,3.451481339388917586e-17,1.000000000000000000e+00,2.105719157007619469e-01
2.112499999999998934e+00,8.184640248910708404e-01,1.332560420997585441e-16,1.000000000000000000e+00,2.105719157007619469e-01
2.117499999999999716e+00,8.164226542456670677e-01,-3.980694361216037135e-18,1.000000000000000000e+00,2.105719157007619469e-01
2.122499999999999609e+00,8.144960134656595852e-01,-1.233235935632508319e-16,1.000000000000000000e+00,2.105719157007619469e-01
2.127499999999999503e+00,8.126853066388205482e-01,-1.096593720692586429e-16,1.000000000000000000e+00,2.105719157007619469e-01
2.132499999999999396e+00,8.109916653979758472e-01,0.000000000000000000e+00,1.000000000000000000e+00,2.105719157007619469e-01
2.137499999999999289e+00,8.094161482137705033e-01,1.257330584595937998e-17,1.000000000000000000e+00,2.105719157007619469e-01
2.142499999999999183e+00,8.079597397331594877e-01,-3.394485602449724055e-18,1.000000000000000000e+00,2.105719157007619469e-01
2.147499999999999076e+00,8.066233501640347470e-01,-9.216729323239930692e-18,1.000000000000000000e+00,2.105719157007619469e-01
2.152499999999998970e+00,8.054078147063757909e-01,1.006318883739426182e-18,1.000000000000000000e+00,2.105719157007619469e-01
2.157499999999998863e+00,8.043138930302763390e-01,-1.007687545961389417e-18,1.000000000000000000e+00,2.105719157007619469e-01
2.162499999999999645e+00,8.033422688011750967e-01,5.044181359840055671e-18,1.000000000000000000e+00,2.105719157007619469e-01
2.167499999999999538e+00,8.024935492525876457e-01,3.534555802527858068e-18,1.000000000000000000e+00,2.105719157007619469e-01
2.172499999999999432e+00,8.017682648066050133e-01,-2.526888943618989432e-18,1.000000000000000000e+00,2.105719157007619469e-01
2.177499999999999325e+00,8.011668687423966206e-01,-6.069500817986954796e-18,1.000000000000000000e+00,2.105719157007619469e-01
2.182499999999999218e+00,8.006897369129264419e-01,0.000000000000000000e+00,1.000000000000000000e+00,2.105719157007619469e-01
2.187499999999999112e+00,8.003371675100565685e-01,1.519041835027884775e-18,1.000000000000000000e+00,2.105719157007619469e-01
2.192499999999999005e+00,8.001093808781870598e-01,-1.519474297678041421e-18,1.000000000000000000e+00,2.105719157007619469e-01
2.197499999999998899e+00,8.000065193765482086e-01,0.000000000000000000e+00,1.000000000000000000e+00,2.105719157007619469e-01
2.202499999999999680e+00,8.000286472902301549e-01,0.000000000000000000e+00,1.000000000000000000e+00,2.105719157007619469e-01
2.207499999999999574e+00,8.001757507900072453e-01,0.000000000000000000e+00,1.000000000000000000e+00,2.105719157007619469e-01
2.212499999999999467e+00,8.004477379409804527e-01,1.640180627935593555e-16,1.000000000000000000e+00,2.105719157007619469e-01
2.217499999999999361e+00,8.008444387600339720e-01,-1.639368159287493522e-16,1.000000000000000000e+00,2.105719157007619469e-01
2.222499999999999254e+00,8.013656053220692410e-01,1.517092362713629362e-18,1.000000000000000000e+00,2.105719157007619469e-01
2.227499999999999147e+00,8.020109119149493315e-01,1.161842842381765520e-16,1.000000000000000000e+00,2.105719157007619469e-01
2.232499999999999041e+00,8.027799552430596730e-01,8.744836070439980699e-17,1.000000000000000000e+00,2.105719157007619469e-01
2.237499999999998934e+00,8.036722546793535482e-01,-4.949082692569495348e-17,1.000000000000000000e+00,2.105719157007619469e-01
2.242499999999999716e+00,8.046872525657289277e-01,-1.551213786780638899e-16,1.000000000000000000e+00,2.105719157007619469e-01
2.247499999999999609e+00,8.058243145615462399e-01,0.000000000000000000e+00,1.000000000000000000e+00,2.105719157007619469e-01
2.252499999999999503e+00,8.070827300400711390e-01,7.250193113224755319e-16,1.000000000000000000e+00,2.105719157007619469e-01
2.257499999999999396e+00,8.084617125325928022e-01,1.388167052687911176e-15,1.000000000000000000e+00,2.105719157007619469e-01
2.262499999999999289e+00,8.099604002199412012e-01,1.631058542648690605e-15,1.000000000000000000e+00,2.105719157007619469e-01
2.267499999999999183e+00,8.115778564710960374e-01,1.350516230987650887e-15,1.000000000000000000e+00,2.105719157007619469e-01
2.272499999999999076e+00,8.133130704285509438e-01,6.775538564089824230e-16,1.000000000000000000e+00,2.105719157007619469e-01
2.277499999999998970e+00,8.151649576400661346e-01,0.000000000000000000e+00,1.000000000000000000e+00,2.105719157007619469e-01
2.282499999999998863e+00,8.171323607364159303e-01,-3.358773941842055691e-17,1.000000000000000000e+00,2.105719157007619469e-01
2.287499999999999645e+00,8.192140501547071629e-01,3.350239024537055313e-17,1.000000000000000000e+00,2.105719157007619469e-01
2.292499999999999538e+00,8.214087249068147134e-01,-1.480073929959067562e-18,1.000000000000000000e+00,2.105719157007619469e-01
2.297499999999999432e+00,8.237150133924584505e-01,1.475929926988297767e-18,1.000000000000000000e+00,2.105719157007619469e-01
2.302499999999999325e+00,8.261314742564078717e-01,0.000000000000000000e+00,1.000000000000000000e+00,2.105719157007619469e-01
2.307499999999999218e+00,8.286565972892823151e-01,0.000000000000000000e+00,1.000000000000000000e+00,2.105719157007619469e-01
2.312499999999999112e+00,8.312888043713825281e-01,0.000000000000000000e+00,1.000000000000000000e+00,2.105719157007619469e-01
2.317499999999999005e+00,8.340264504589638417e-01,-7.836148280876000507e-16,1.000000000000000000e+00,2.105719157007619469e-01
2.322499999999998899e+00,8.368678246123361086e-01,-1.542651770874043297e-15,1.000000000000000000e+00,2.105719157007619469e-01
2.327499999999999680e+00,8.398111510651449230e-01,-1.782045056020598202e-15,1.000000000000000000e+00,2.105719157007619469e-01
2.332499999999999574e+00,8.428545903341650991e-01,-1.297109588554290082e-15,1.000000000000000000e+00,2.105719157007619469e-01
2.337499999999999467e+00,8.459962403689224031e-01,-1.669375943065546277e-16,1.000000000000000000e+00,2.105719157007619469e-01
2.342499999999999361e+00,8.492341377404106773e-01,1.241463488641399121e-15,1.000000000000000000e+00,2.105719157007619469e-01
2.347499999999999254e+00,8.525662588681705012e-01,2.229795194274493048e-15,1.000000000000000000e+00,2.105719157007619469e-01
2.352499999999999147e+00,8.559905212849621137e-01,1.557269570932734973e-15,1.000000000000000000e+00,2.105719157007619469e-01
2.357499999999999041e+00,8.595047849382395633e-01,4.505925689462791661e-16,1.000000000000000000e+00,2.105719157007619469e-01
2.362499999999998934e+00,8.631068535276142928e-01,-4.554790640699143840e-16,1.000000000000000000e+00,2.105719157007619469e-01
2.367499999999998828e+00,8.667944758774699388e-01,-1.091505468674070450e-15,1.000000000000000000e+00,2.105719157007619469e-01
2.372499999999999609e+00,8.705653473438755841e-01,-1.426479224943203001e-15,1.000000000000000000e+00,2.105719157007619469e-01
2.377499999999999503e+00,8.744171112549110614e-01,-1.412800152948792606e-15,1.000000000000000000e+00,2.105719157007619469e-01
2.382499999999999396e+00,8.783473603835127985e-01,-9.731129592893595930e-16,1.000000000000000000e+00,2.105719157007619469e-01
2.387499999999999289e+00,8.823536384519101716e-01,-4.142326305214718801e-18,1.000000000000000000e+00,2.105719157007619469e-01
2.392499999999999183e+00,8.864334416667207783e-01,1.616342045839327668e-15,1.000000000000000000e+00,2.105719157007619469e-01
2.397499999999999076e+00,8.905842202837388477e-01,2.232859002236857638e-15,1.000000000000000000e+00,2.105719157007619469e-01
2.402499999999998970e+00,8.948033802014422333e-01,1.401336717034724718e-15,1.000000000000000000e+00,2.105719157007619469e-01
2.407499999999998863e+00,8.990882845822215641e-01,-1.529808639972784251e-16,1.000000000000000000e+00,2.105719157007619469e-01
2.412499999999999645e+00,9.034362555003199180e-01,-5.503683882404644877e-16,1.000000000000000000e+00,2.105719157007619469e-01
2.417499999999999538e+00,9.078445756154442936e-01,-1.642236393642897042e-15,1.000000000000000000e+00,2.105719157007619469e-01
2.422499999999999432e+00,9.123104898710201471e-01,-1.358874413677192206e-15,1.000000000000000000e+00,2.105719157007619469e-01
2.427499999999999325e+00,9.168312072160098580e-01,3.605295008569097276e-16,1.000000000000000000e+00,2.105719157007619469e-01
2.432499999999999218e+00,9.214039023492287539e-01,1.648836394709532585e-15,1.000000000000000000e+00,2.105719157007619469e-01
2.437499999999999112e+00,9.260257174850660133e-01,1.636220872898627224e-15,1.000000000000000000e+00,2.105719157007619469e-01
2.442499999999999005e+00,9.306937641395079952e-01,4.580707116895107340e-16,1.000000000000000000e+00,2.105719157007619469e-01
2.447499999999998899e+00,9.354051249353473318e-01,-7.615828288668219435e-16,1.000000000000000000e+00,2.105719157007619469e-01
2.452499999999999680e+00,9.401568554254494670e-01,-2.014903703902209515e-15,1.000000000000000000e+00,2.105719157007619469e-01
2.457499999999999574e+00,9.449459859329308875e-01,-1.937877410142206298e-15,1.000000000000000000e+00,2.105719157007619469e-01
2.462499999999999467e+00,9.497695234071187320e-01,-6.978957363473808743e-16,1.000000000000000000e+00,2.105719157007619469e-01
2.467499999999999361e+00,9.546244532941049465e-01,3.326573177401339859e-17,1.000000000000000000e+00,2.105719157007619469e-01
2.472499999999999254e+00,9.595077414207444644e-01,-3.436348163168506199e-17,1.000000000000000000e+00,2.105719157007619469e-01
2.477499999999999147e+00,9.644163358909157990e-01,1.260602495344922930e-18,1.000000000000000000e+00,2.105719157007619469e-01
2.482499999999999041e+00,9.693471689928570001e-01,-1.254190117291666122e-18,1.000000000000000000e+00,2.105719157007619469e-01
2.487499999999998934e+00,9.742971591163852585e-01,0.000000000000000000e+00,1.000000000000000000e+00,2.105719157007619469e-01
2.492499999999998828e+00,9.792632126788022306e-01,4.851145541231548232e-18,1.000000000000000000e+00,2.105719157007619469e-01
2.497499999999999609e+00,9.842422260582837090e-01,-4.826604917067986782e-18,1.000000000000000000e+00,2.105719157007619469e-01
2.502499999999999503e+00,9.892310875335408316e-01,0.000000000000000000e+00,1.000000000000000000e+00,2.105719157007619469e-01
2.507499999999999396e+00,9.942266792285461285e-01,8.560726992344707477e-17,1.000000000000000000e+00,2.105719157007619469e-01
2.512499999999999289e+00,9.992258790611036057e-01,2.785858471903009271e-17,1.000000000000000000e+00,2.105719157007619469e-01
2.517499999999999183e+00,1.004225562694049056e+00,-1.124747812593707637e-16,1.000000000000000000e+00,2.105719157007619469e-01
2.522499999999999076e+00,1.009222605487859248e+00,0.000000000000000000e+00,1.000000000000000000e+00,2.105719157007619469e-01
2.527499999999998970e+00,1.014213884453448289e+00,9.645813631860178371e-16,1.000000000000000000e+00,2.105719157007619469e-01
2.532499999999998863e+00,1.019196280203935379e+00,1.660290598295125936e-15,1.000000000000000000e+00,2.105719157007619469e-01
2.537499999999999645e+00,1.024166678904161909e+00,1.508568713771936656e-15,1.000000000000000000e+00,2.105719157007619469e-01
2.542499999999999538e+00,1.029121974216732127e+00,4.471347148210691587e-16,1.000000000000000000e+00,2.105719157007619469e-01
2.547499999999999432e+00,1.034059069243377760e+00,-1.077548485549020372e-15,1.000000000000000000e+00,2.105719157007619469e-01
2.552499999999999325e+00,1.038974878460416695e+00,-2.103827985309466661e-15,1.000000000000000000e+00,2.105719157007619469e-01
2.557499999999999218e+00,1.043866329647105351e+00,-1.317757393423495811e-15,1.000000000000000000e+00,2.105719157007619469e-01
2.562499999999999112e+00,1.048730365805675246e+00,2.282208777825418520e-16,1.000000000000000000e+00,2.105719157007619469e-01
2.567499999999999005e+00,1.053563947071858076e+00,1.872200708566119681e-15,1.000000000000000000e+00,2.105719157007619469e-01
2.572499999999998899e+00,1.058364052614702677e+00,1.977724172811780467e-15,1.000000000000000000e+00,2.105719157007619469e-01
2.577499999999998792e+00,1.063127682524495521e+00,6.517600953254961845e-16,1.000000000000000000e+00,2.105719157007619469e-01
2.582499999999999574e+00,1.067851859687605875e+00,-3.017702475617739478e-16,1.000000000000000000e+00,2.105719157007619469e-01
2.587499999999999467e+00,1.072533631647083929e+00,-1.037165518437427590e-16,1.000000000000000000e+00,2.105719157007619469e-01
2.592499999999999361e+00,1.077170072447854565e+00,1.032701268408731762e-16,1.000000000000000000e+00,2.105719157007619469e-01
2.597499999999999254e+00,1.081758284465339504e+00,-6.416505520723546652e-17,1.000000000000000000e+00,2.105719157007619469e-01
2.602499999999999147e+00,1.086295400216380269e+00,-2.450427621697848757e-16,1.000000000000000000e+00,2.105719157007619469e-01
2.607499999999999041e+00,1.090778584151322450e+00,-2.834677356941040799e-16,1.000000000000000000e+00,2.105719157007619469e-01
2.612499999999998934e+00,1.095205034426140811e+00,-1.404694917081523051e-16,1.000000000000000000e+00,2.105719157007619469e-01
2.617499999999998828e+00,1.099571984653500367e+00,1.177812251609160276e-16,1.000000000000000000e+00,2.105719157007619469e-01
2.622499999999999609e+00,1.103876705631660071e+00,3.355630096036147245e-16,1.000000000000000000e+00,2.105719157007619469e-01
2.627499999999999503e+00,1.108116507050132205e+00,2.695693172706214205e-16,1.000000000000000000e+00,2.105719157007619469e-01
2.632499999999999396e+00,1.112288739171042318e+00,-3.971282686310377267e-16,1.000000000000000000e+00,2.105719157007619469e-01
2.637499999999999289e+00,1.116390794485126348e+00,-1.505125458064648585e-15,1.000000000000000000e+00,2.105719157007619469e-01
2.642499999999999183e+00,1.120420109341341064e+00,-1.614171360746735052e-15,1.000000000000000000e+00,2.105719157007619469e-01
2.647499999999999076e+00,1.124374165549061777e+00,-6.626408238467008428e-16,1.000000000000000000e+00,2.105719157007619469e-01
2.652499999999998970e+00,1.128250491951867884e+00,6.633226160657416129e-17,1.000000000000000000e+00,2.105719157007619469e-01
2.657499999999998863e+00,1.132046665971937704e+00,5.844843508532050246e-16,1.000000000000000000e+00,2.105719157007619469e-01
2.662499999999999645e+00,1.135760315124080488e+00,1.015475761135060856e-15,1.000000000000000000e+00,2.105719157007619469e-01
2.667499999999999538e+00,1.139389118498459030e+00,1.286154062505544176e-15,1.000000000000000000e+00,2.105719157007619469e-01
2.672499999999999432e+00,1.142930808211087390e+00,1.119928347596083198e-15,1.000000000000000000e+00,2.105719157007619469e-01
2.677499999999999325e+00,1.146383170821182684e+00,3.415040051494213205e-17,1.000000000000000000e+00,2.105719157007619469e-01
2.682499999999999218e+00,1.149744048714492761e+00,-3.239134934646582093e-17,1.000000000000000000e+00,2.105719157007619469e-01
2.687499999999999112e+00,1.153011341451735561e+00,3.335397094367302965e-17,1.000000000000000000e+00,2.105719157007619469e-01
2.692499999999999005e+00,1.156183007081304837e+00,-4.312160362095428323e-16,1.000000000000000000e+00,2.105719157007619469e-01
2.697499999999998899e+00,1.159257063415424671e+00,-9.692129899145477069e-16,1.000000000000000000e+00,2.105719157007619469e-01
2.702499999999998792e+00,1.162231589268951426e+00,-1.251645463534423409e-15,1.000000000000000000e+00,2.105719157007619469e-01
2.707499999999999574e+00,1.165104725660051521e+00,-1.065549242986394346e-15,1.000000000000000000e+00,2.105719157007619469e-01
2.712499999999999467e+00,1.167874676972004533e+00,-3.059624267768636846e-16,1.000000000000000000e+00,2.105719157007619469e-01
2.717499999999999361e+00,1.170539712075406635e+00,1.014561260146753601e-15,1.000000000000000000e+00,2.105719157007619469e-01
2.722499999999999254e+00,1.173098165410068949e+00,1.947892854504916086e-15,1.000000000000000000e+00,2.105719157007619469e-01
2.727499999999999147e+00,1.175548438025938225e+00,1.023681550690233391e-15,1.000000000000000000e+00,2.105719157007619469e-01
2.732499999999999041e+00,1.177888998582389712e+00,-1.165299051248481833e-15,1.000000000000000000e+00,2.105719157007619469e-01
2.737499999999998934e+00,1.180118384305264279e+00,-1.969595427139108690e-15,1.000000000000000000e+00,2.105719157007619469e-01
2.742499999999998828e+00,1.182235201901054467e+00,-8.281705027993535970e-16,1.000000000000000000e+00,2.105719157007619469e-01
2.747499999999999609e+00,1.184238128427668624e+00,7.769361080562421633e-16,1.000000000000000000e+00,2.105719157007619469e-01
2.752499999999999503e+00,1.186125912121225312e+00,1.887282774626694913e-15,1.000000000000000000e+00,2.105719157007619469e-01
2.757499999999999396e+00,1.187897373178366189e+00,1.277049223496618721e-15,1.000000000000000000e+00,2.105719157007619469e-01
2.762499999999999289e+00,1.189551404493593978e+00,0.000000000000000000e+00,1.000000000000000000e+00,2.105719157007619469e-01
2.767499999999999183e+00,1.191086972351177886e+00,-1.183693183394409834e-15,1.000000000000000000e+00,2.105719157007619469e-01
2.772499999999999076e+00,1.192503117071191721e+00,-1.614905373455496225e-15,1.000000000000000000e+00,2.105719157007619469e-01
2.777499999999998970e+00,1.193798953609283231e+00,-1.122445749625078968e-15,1.000000000000000000e+00,2.105719157007619469e-01
2.782499999999998863e+00,1.194973672109796992e+00,0.000000000000000000e+00,1.000000000000000000e+00,2.105719157007619469e-01
2.787499999999999645e+00,1.196026538411909312e+00,9.748515123544350255e-16,1.000000000000000000e+00,2.105719157007619469e-01
2.792499999999999538e+00,1.196956894508453439e+00,9.758224880465923478e-16,1.000000000000000000e+00,2.105719157007619469e-01
2.797499999999999432e+00,1.197764158957153269e+00,9.278570909985288781e-16,1.000000000000000000e+00,2.105719157007619469e-01
2.802499999999999325e+00,1.198447827244006225e+00,9.275475360141934071e-16,1.000000000000000000e+00,2.105719157007619469e-01
2.807499999999999218e+00,1.199007472098587268e+00,2.362818096408258960e-16,1.000000000000000000e+00,2.105719157007619469e-01
2.812499999999999112e+00,1.199442743761079733e+00,-1.372344826236382140e-16,1.000000000000000000e+00,2.105719157007619469e-01
2.817499999999999005e+00,1.199753370200862923e+00,0.000000000000000000e+00,1.000000000000000000e+00,2.105719157007619469e-01
2.822499999999998899e+00,1.199939157286523450e+00,-1.601215894343985750e-16,1.000000000000000000e+00,2.105719157007619469e-01
2.827499999999998792e+00,1.199999988907180626e+00,-7.009231309405667329e-16,1.000000000000000000e+00,2.105719157007619469e-01
2.832499999999999574e+00,1.199935827045051306e+00,-4.431108753829840870e-16,1.000000000000000000e+00,2.105719157007619469e-01
2.837499999999999467e+00,1.199746711799211107e+00,4.955136774499035538e-16,1.000000000000000000e+00,2.105719157007619469e-01
2.842499999999999361e+00,1.199432761360532229e+00,7.132837591658898750e-16,1.000000000000000000e+00,2.105719157007619469e-01
2.847499999999999254e+00,1.198994171937819875e+00,9.584843512653354088e-17,1.000000000000000000e+00,2.105719157007619469e-01
2.852499999999999147e+00,1.198431217635186341e+00,-1.783338036240670943e-16,1.000000000000000000e+00,2.105719157007619469e-01
2.857499999999999041e+00,1.197744250280745826e+00,-7.525492310209824986e-17,1.000000000000000000e+00,2.105719157007619469e-01
2.862499999999998934e+00,1.196933699206732982e+00,1.733490208161621491e-16,1.000000000000000000e+00,2.105719157007619469e-01
2.867499999999998828e+00,1.196000070981184438e+00,8.057663747055494955e-17,1.000000000000000000e+00,2.105719157007619469e-01
2.872499999999999609e+00,1.194943949091350266e+00,-1.096983830511491918e-15,1.000000000000000000e+00,2.105719157007619469e-01
2.877499999999999503e+00,1.193765993579033680e+00,-1.864705089827790854e-15,1.000000000000000000e+00,2.105719157007619469e-01
2.882499999999999396e+00,1.192466940628085448e+00,-9.091783538134607190e-16,1.000000000000000000e+00,2.105719157007619469e-01
2.887499999999999289e+00,1.191047602104314374e+00,3.352893683719424407e-16,1.000000000000000000e+00,2.105719157007619469e-01
2.892499999999999183e+00,1.189508865048095831e+00,2.481794243491608382e-16,1.000000000000000000e+00,2.105719157007619469e-01
2.897499999999999076e+00,1.187851691120001885e+00,-3.974027649628259197e-16,1.000000000000000000e+00,2.105719157007619469e-01
2.902499999999998970e+00,1.186077115999794707e+00,-2.336413135211940955e-16,1.000000000000000000e+00,2.105719157007619469e-01
2.907499999999998863e+00,1.184186248739159009e+00,0.000000000000000000e+00,1.000000000000000000e+00,2.105719157007619469e-01
2.912499999999998757e+00,1.182180271068582922e+00,2.659170122380791031e-17,1.000000000000000000e+00,2.105719157007619469e-01
2.917499999999999538e+00,1.180060436658811884e+00,-6.910115264366867878e-18,1.000000000000000000e+00,2.105719157007619469e-01
2.922499999999999432e+00,1.177828070337350264e+00,-1.976674823010135776e-17,1.000000000000000000e+00,2.105719157007619469e-01
2.927499999999999325e+00,1.175484567260481228e+00,1.034250617520947065e-18,1.000000000000000000e+00,2.105719157007619469e-01
2.932499999999999218e+00,1.173031392041343324e+00,-1.036413558770852619e-18,1.000000000000000000e+00,2.105719157007619469e-01
2.937499999999999112e+00,1.170470077834594669e+00,0.000000000000000000e+00,1.000000000000000000e+00,2.105719157007619469e-01
2.942499999999999005e+00,1.167802225378240077e+00,0.000000000000000000e+00,1.000000000000000000e+00,2.105719157007619469e-01
2.947499999999998899e+00,1.165029501993222416e+00,0.000000000000000000e+00,1.000000000000000000e+00,2.105719157007619469e-01
2.952499999999998792e+00,1.162153640541400801e+00,3.447596065168713752e-16,1.000000000000000000e+00,2.105719157007619469e-01
2.957499999999999574e+00,1.159176438342569559e+00,6.676177944693659005e-16,1.000000000000000000e+00,2.105719157007619469e-01
2.962499999999999467e+00,1.156099756051191418e+00,1.610489026327338153e-17,1.000000000000000000e+00,2.105719157007619469e-01
2.967499999999999361e+00,1.152925516493547242e+00,-5.349387044370534828e-16,1.000000000000000000e+00,2.105719157007619469e-01
2.972499999999999254e+00,1.149655703466035295e+00,-5.013890896671180672e-16,1.000000000000000000e+00,2.105719157007619469e-01
2.977499999999999147e+00,1.146292360495360763e+00,0.000000000000000000e+00,1.000000000000000000e+00,2.105719157007619469e-01
2.982499999999999041e+00,1.142837589561398470e+00,2.368792394356563575e-16,1.000000000000000000e+00,2.105719157007619469e-01
2.987499999999998934e+00,1.139293549783524373e+00,5.597225403145560059e-16,1.000000000000000000e+00,2.105719157007619469e-01
2.992499999999998828e+00,1.135662456071236281e+00,7.363225932558120000e-16,1.000000000000000000e+00,2.105719157007619469e-01
2.997499999999999609e+00,1.131946577739906923e+00,-9.071192803208359599e-17,1.000000000000000000e+00,2.105719157007619469e-01
3.002499999999999503e+00,1.128148237092537087e+00,-7.554311585992833110e-16,1.000000000000000000e+00,2.105719157007619469e-01
3.007499999999999396e+00,1.124269807968389490e+00,-7.024090762453212438e-16,1.000000000000000000e+00,2.105719157007619469e-01
3.012499999999998401e+00,1.120313714259419280e+00,0.000000000000000000e+00,1.000000000000000000e+00,2.105719157007619469e-01
3.017499999999999183e+00,1.116282428395416471e+00,6.441089692958878183e-16,1.000000000000000000e+00,2.105719157007619469e-01
3.022499999999999964e+00,1.112178469798822178e+00,1.324522681103669048e-15,1.000000000000000000e+00,2.105719157007619469e-01
3.027499999999998970e+00,1.108004403310172137e+00,1.628508878917870700e-15,1.000000000000000000e+00,2.105719157007619469e-01
3.032499999999999751e+00,1.103762837585147372e+00,6.149168730806128795e-16,1.000000000000000000e+00,2.105719157007619469e-01
3.037499999999998757e+00,1.099456423464259203e+00,-5.014855560949809448e-16,1.000000000000000000e+00,2.105719157007619469e-01
3.042499999999999538e+00,1.095087852316150245e+00,-9.958480263053211989e-16,1.000000000000000000e+00,2.105719157007619469e-01
3.047499999999998543e+00,1.090659854355588987e+00,-9.114691103758703654e-17,1.000000000000000000e+00,2.105719157007619469e-01
3.052499999999999325e+00,1.086175196937159804e+00,8.069929199012730628e-16,1.000000000000000000e+00,2.105719157007619469e-01
3.057499999999998330e+00,1.081636682825769746e+00,7.998826570729277728e-16,1.000000000000000000e+00,2.105719157007619469e-01
3.062499999999999112e+00,1.077047148445000602e+00,-4.914324436116669629e-16,1.000000000000000000e+00,2.105719157007619469e-01
3.067499999999999893e+00,1.072409462104446876e+00,-2.012070204467727086e-15,1.000000000000000000e+00,2.105719157007619469e-01
3.072499999999998899e+00,1.067726522207108841e+00,-1.862440151025508448e-15,1.000000000000000000e+00,2.105719157007619469e-01
3.077499999999999680e+00,1.063001255437982850e+00,0.000000000000000000e+00,1.000000000000000000e+00,2.105719157007619469e-01
3.082499999999998685e+00,1.058236614934989550e+00,1.693226887156628641e-15,1.000000000000000000e+00,2.105719157007619469e-01
3.087499999999999467e+00,1.053435578443344234e+00,1.900610623369208578e-15,1.000000000000000000e+00,2.105719157007619469e-01
3.092499999999998472e+00,1.048601146454576361e+00,7.871503252568894200e-16,1.000000000000000000e+00,2.105719157007619469e-01
3.097499999999999254e+00,1.043736340331307799e+00,1.967888167206109585e-17,1.000000000000000000e+00,2.105719157007619469e-01
3.102500000000000036e+00,1.038844200419012376e+00,3.434965970176544574e-17,1.000000000000000000e+00,2.105719157007619469e-01
3.107499999999999041e+00,1.033927784145889595e+00,1.722434300812022052e-17,1.000000000000000000e+00,2.105719157007619469e-01
3.112499999999999822e+00,1.028990164112070671e+00,-1.730699419767716781e-17,1.000000000000000000e+00,2.105719157007619469e-01
3.117499999999998828e+00,1.024034426169354361e+00,-9.643599878307458673e-16,1.000000000000000000e+00,2.105719157007619469e-01
3.122499999999999609e+00,1.019063667492635217e+00,-1.854834760067934076e-15,1.000000000000000000e+00,2.105719157007619469e-01
3.127499999999998614e+00,1.014080994644283695e+00,-1.331681785178453600e-15,1.000000000000000000e+00,2.105719157007619469e-01
3.132499999999999396e+00,1.009089521632633435e+00,-4.434394017631496039e-16,1.000000000000000000e+00,2.105719157007619469e-01
3.137499999999998401e+00,1.004092367965841781e+00,1.112295790824059551e-16,1.000000000000000000e+00,2.105719157007619469e-01
3.142499999999999183e+00,9.990926567022822002e-01,-1.352736036874123154e-17,1.000000000000000000e+00,2.105719157007619469e-01
3.147499999999999964e+00,9.940935124987477778e-01,-8.630705842807935243e-17,1.000000000000000000e+00,2.105719157007619469e-01
3.152499999999998970e+00,9.890980596576393058e-01,6.529361713284934495e-16,1.000000000000000000e+00,2.105719157007619469e-01
3.157499999999999751e+00,9.841094201743699754e-01,1.790476150612544734e-15,1.000000000000000000e+00,2.105719157007619469e-01
3.162499999999998757e+00,9.791307117862323439e-01,1.696080261808906663e-15,1.000000000000000000e+00,2.105719157007619469e-01
3.167499999999999538e+00,9.741650460239015263e-01,3.502799808556947274e-16,1.000000000000000000e+00,2.105719157007619469e-01
3.172499999999998543e+00,9.692155262668438187e-01,-6.125210883799713254e-16,1.000000000000000000e+00,2.105719157007619469e-01
3.177499999999999325e+00,9.642852458037900476e-01,-7.327007432499788569e-16,1.000000000000000000e+00,2.105719157007619469e-01
3.182499999999998330e+00,9.593772858995448516e-01,-4.548561363345415971e-16,1.000000000000000000e+00,2.105719157007619469e-01
3.187499999999999112e+00,9.544947138692838617e-01,-9.381455047995718323e-16,1.000000000000000000e+00,2.105719157007619469e-01
3.192499999999999893e+00,9.496405811615944437e-01,-1.154448017269418537e-15,1.000000000000000000e+00,2.105719157007619469e-01
3.197499999999998899e+00,9.448179214514104141e-01,-7.343084784366800011e-16,1.000000000000000000e+00,2.105719157007619469e-01
3.202499999999999680e+00,9.400297487440630873e-01,0.000000000000000000e+00,1.000000000000000000e+00,2.105719157007619469e-01
3.207499999999998685e+00,9.352790554916367016e-01,0.000000000000000000e+00,1.000000000000000000e+00,2.105719157007619469e-01
3.212499999999999467e+00,9.305688107227690908e-01,1.522102320184383269e-17,1.000000000000000000e+00,2.105719157007619469e-01
3.217499999999998472e+00,9.259019581871182902e-01,-1.529774220010991999e-17,1.000000000000000000e+00,2.105719157007619469e-01
3.222499999999999254e+00,9.212814145156031920e-01,9.445221949936967172e-17,1.000000000000000000e+00,2.105719157007619469e-01
3.227499999999998259e+00,9.167100673976171787e-01,3.572709900806027550e-16,1.000000000000000000e+00,2.105719157007619469e-01
3.232499999999999041e+00,9.121907737763020885e-01,-1.419579128667709426e-16,1.000000000000000000e+00,2.105719157007619469e-01
3.237499999999999822e+00,9.077263580630624551e-01,-3.140134544590463431e-16,1.000000000000000000e+00,2.105719157007619469e-01
3.242499999999998828e+00,9.033196103723986070e-01,1.345864327105992786e-18,1.000000000000000000e+00,2.105719157007619469e-01
3.247499999999999609e+00,8.989732847781681802e-01,-1.352371266378060290e-18,1.000000000000000000e+00,2.105719157007619469e-01
3.252499999999998614e+00,8.946900975923911536e-01,1.496168178573113271e-16,1.000000000000000000e+00,2.105719157007619469e-01
3.257499999999999396e+00,8.904727256676316927e-01,1.048364936154244182e-16,1.000000000000000000e+00,2.105719157007619469e-01
3.262499999999998401e+00,8.863238047240651341e-01,-1.126692407385093715e-16,1.000000000000000000e+00,2.105719157007619469e-01
3.267499999999999183e+00,8.822459277022249857e-01,-1.034560534716729288e-16,1.000000000000000000e+00,2.105719157007619469e-01
3.272499999999999964e+00,8.782416431425097425e-01,8.229850103380855684e-16,1.000000000000000000e+00,2.105719157007619469e-01
3.277499999999998970e+00,8.743134535924266260e-01,2.127487249318255644e-15,1.000000000000000000e+00,2.105719157007619469e-01
3.282499999999999751e+00,8.704638140425733361e-01,1.999024053055187239e-15,1.000000000000000000e+00,2.105719157007619469e-01
3.287499999999998757e+00,8.666951303923597916e-01,3.624991788613221513e-16,1.000000000000000000e+00,2.105719157007619469e-01
3.292499999999999538e+00,8.630097579463884561e-01,-1.071399176658119917e-15,1.000000000000000000e+00,2.105719157007619469e-01
3.297499999999998543e+00,8.594099999424773539e-01,-1.802713980427623485e-15,1.000000000000000000e+00,2.105719157007619469e-01
3.302499999999999325e+00,8.558981061121991862e-01,-1.678764817725860943e-15,1.000000000000000000e+00,2.105719157007619469e-01
3.307499999999998330e+00,8.524762712748826798e-01,-8.943995863792236739e-16,1.000000000000000000e+00,2.105719157007619469e-01
3.312499999999999112e+00,8.491466339659132778e-01,4.294952683108340228e-18,1.000000000000000000e+00,2.105719157007619469e-01
3.317499999999999893e+00,8.459112751002266783e-01,9.712258684250095571e-17,1.000000000000000000e+00,2.105719157007619469e-01
3.322499999999998899e+00,8.427722166717988017e-01,-3.307273556898950235e-17,1.000000000000000000e+00,2.105719157007619469e-01
3.327499999999999680e+00,8.397314204899644086e-01,-6.898795473223759499e-17,1.000000000000000000e+00,2.105719157007619469e-01
3.332499999999998685e+00,8.367907869533576237e-01,2.893919283419954725e-17,1.000000000000000000e+00,2.105719157007619469e-01
3.337499999999999467e+00,8.339521538622149954e-01,1.646067763467480056e-17,1.000000000000000000e+00,2.105719157007619469e-01
3.342499999999998472e+00,8.312172952698184680e-01,-4.564807268678974085e-17,1.000000000000000000e+00,2.105719157007619469e-01
3.347499999999999254e+00,8.285879203737629428e-01,0.000000000000000000e+00,1.000000000000000000e+00,2.105719157007619469e-01
3.352499999999998259e+00,8.260656724477709600e-01,4.025729307031076000e-16,1.000000000000000000e+00,2.105719157007619469e-01
3.357499999999999041e+00,8.236521278146915481e-01,1.080351762490682637e-16,1.000000000000000000e+00,2.105719157007619469e-01
3.362499999999999822e+00,8.213487948613567013e-01,-5.056816758710305890e-16,1.000000000000000000e+00,2.105719157007619469e-01
3.367499999999998828e+00,8.191571130958865687e-01,3.872256754977823963e-16,1.000000000000000000e+00,2.105719157007619469e-01
3.372499999999999609e+00,8.170784522480408762e-01,1.996654883502088155e-15,1.000000000000000000e+00,2.105719157007619469e-01
3.377499999999998614e+00,8.151141114131873477e-01,2.282403324012366227e-15,1.000000000000000000e+00,2.105719157007619469e-01
3.382499999999999396e+00,8.132653182404042669e-01,1.056462713913928962e-15,1.000000000000000000e+00,2.105719157007619469e-01
3.387499999999998401e+00,8.115332281652454238e-01,0.000000000000000000e+00,1.000000000000000000e+00,2.105719157007619469e-01
3.392499999999999183e+00,8.099189236876245257e-01,-4.415625444881663920e-16,1.000000000000000000e+00,2.105719157007619469e-01
3.397499999999999964e+00,8.084234136952925809e-01,-1.044531381946570670e-15,1.000000000000000000e+00,2.105719157007619469e-01
3.402499999999998970e+00,8.070476328333144878e-01,-1.047520086177398463e-15,1.000000000000000000e+00,2.105719157007619469e-01
3.407499999999999751e+00,8.057924409199446192e-01,-1.261659863186896590e-15,1.000000000000000000e+00,2.105719157007619469e-01
3.412499999999998757e+00,8.046586224092712181e-01,-9.224069925253860205e-16,1.000000000000000000e+00,2.105719157007619469e-01
3.417499999999999538e+00,8.036468859009551213e-01,-8.357082927620326110e-16,1.000000000000000000e+00,2.105719157007619469e-01
3.422499999999998543e+00,8.027578636973816684e-01,-2.447747526471540282e-16,1.000000000000000000e+00,2.105719157007619469e-01
3.427499999999999325e+00,8.019921114084883618e-01,0.000000000000000000e+00,1.000000000000000000e+00,2.105719157007619469e-01
3.432499999999998330e+00,8.013501076045299598e-01,5.748691530737252893e-16,1.000000000000000000e+00,2.105719157007619469e-01
3.437499999999999112e+00,8.008322535169852818e-01,6.129797261305220886e-16,1.000000000000000000e+00,2.105719157007619469e-01
3.442499999999999893e+00,8.004388727878025689e-01,-3.194574551742874727e-17,1.000000000000000000e+00,2.105719157007619469e-01
3.447499999999998899e+00,8.001702112671325029e-01,-7.876552914691497241e-16,1.000000000000000000e+00,2.105719157007619469e-01
3.452499999999999680e+00,8.000264368596800013e-01,-3.696583787398958471e-16,1.000000000000000000e+00,2.105719157007619469e-01
3.457499999999998685e+00,8.000076394197697116e-01,5.702643617392695046e-17,1.000000000000000000e+00,2.105719157007619469e-01
3.462499999999999467e+00,8.001138306951897095e-01,1.245540408649938285e-17,1.000000000000000000e+00,2.105719157007619469e-01
3.467499999999998472e+00,8.003449443198494828e-01,-6.945420978671929426e-17,1.000000000000000000e+00,2.105719157007619469e-01
3.472499999999999254e+00,8.007008358552568650e-01,0.000000000000000000e+00,1.000000000000000000e+00,2.105719157007619469e-01
3.477499999999998259e+00,8.011812828807866049e-01,1.609177064055232654e-16,1.000000000000000000e+00,2.105719157007619469e-01
3.482499999999999041e+00,8.017859851326875065e-01,-1.607963432222817228e-16,1.000000000000000000e+00,2.105719157007619469e-01
3.487499999999999822e+00,8.025145646917358766e-01,0.000000000000000000e+00,1.000000000000000000e+00,2.105719157007619469e-01
3.492499999999998828e+00,8.033665662194231505e-01,0.000000000000000000e+00,1.000000000000000000e+00,2.105719157007619469e-01
3.497499999999999609e+00,8.043414572425289233e-01,3.419022976260297737e-16,1.000000000000000000e+00,2.105719157007619469e-01
3.502499999999998614e+00,8.054386284858973122e-01,1.593514964682755620e-16,1.000000000000000000e+00,2.105719157007619469e-01
3.507499999999999396e+00,8.066573942532164754e-01,-3.829080542556518523e-16,1.000000000000000000e+00,2.105719157007619469e-01
3.512499999999998401e+00,8.079969928555533754e-01,-1.164276378136619743e-16,1.000000000000000000e+00,2.105719157007619469e-01
3.517499999999999183e+00,8.094565870873882130e-01,-5.006427188187363924e-19,1.000000000000000000e+00,2.105719157007619469e-01
3.522499999999999964e+00,8.110352647498378920e-01,9.993364385953387379e-19,1.000000000000000000e+00,2.105719157007619469e-01
3.527499999999998970e+00,8.127320392207505462e-01,3.421602360170122778e-16,1.000000000000000000e+00,2.105719157007619469e-01
3.532499999999999751e+00,8.145458500713154137e-01,1.603875427052820960e-15,1.000000000000000000e+00,2.105719157007619469e-01
3.537499999999998757e+00,8.164755637287920420e-01,2.214951797066080651e-15,1.000000000000000000e+00,2.105719157007619469e-01
3.542499999999999538e+00,8.185199741849606969e-01,1.566066375538864856e-15,1.000000000000000000e+00,2.105719157007619469e-01
3.547499999999998543e+00,8.206778037498330125e-01,-6.144278426729443777e-18,1.000000000000000000e+00,2.105719157007619469e-01
3.552499999999999325e+00,8.229477038501729069e-01,-1.215238401657151716e-15,1.000000000000000000e+00,2.105719157007619469e-01
3.557499999999998330e+00,8.253282558723047391e-01,-8.254592363901966027e-16,1.000000000000000000e+00,2.105719157007619469e-01
3.562499999999999112e+00,8.278179720487066628e-01,7.177583432645999362e-16,1.000000000000000000e+00,2.105719157007619469e-01
3.567499999999999893e+00,8.304152963878108640e-01,1.315271654642515325e-15,1.000000000000000000e+00,2.105719157007619469e-01
3.572499999999998899e+00,8.331186056464514600e-01,3.225423326533576022e-16,1.000000000000000000e+00,2.105719157007619469e-01
3.577499999999999680e+00,8.359262103443403369e-01,-1.463441753544861111e-15,1.000000000000000000e+00,2.105719157007619469e-01
3.582499999999998685e+00,8.388363558199304348e-01,-2.334887478908609776e-15,1.000000000000000000e+00,2.105719157007619469e-01
3.587499999999999467e+00,8.418472233270308802e-01,-1.758004525913291824e-15,1.000000000000000000e+00,2.105719157007619469e-01
3.592499999999998472e+00,8.449569311714557607e-01,-3.342924818246243302e-16,1.000000000000000000e+00,2.105719157007619469e-01
3.597499999999999254e+00,8.481635358870301955e-01,2.155113160960248875e-16,1.000000000000000000e+00,2.105719157007619469e-01
3.602499999999998259e+00,8.514650334501836504e-01,8.950046507129785500e-17,1.000000000000000000e+00,2.105719157007619469e-01
3.607499999999999041e+00,8.548593605324097400e-01,-1.359821715271265612e-16,1.000000000000000000e+00,2.105719157007619469e-01
3.612499999999999822e+00,8.583443957897717302e-01,-1.663082148309226390e-16,1.000000000000000000e+00,2.105719157007619469e-01
3.617499999999998828e+00,8.619179611886746972e-01,0.000000000000000000e+00,1.000000000000000000e+00,2.105719157007619469e-01
3.622499999999999609e+00,8.655778233670714528e-01,7.444811637216462759e-17,1.000000000000000000e+00,2.105719157007619469e-01
3.627499999999998614e+00,8.693216950302319335e-01,1.313395981027058053e-17,1.000000000000000000e+00,2.105719157007619469e-01
3.632499999999999396e+00,8.731472363802377235e-01,-8.687913282804609617e-17,1.000000000000000000e+00,2.105719157007619469e-01
3.637499999999998401e+00,8.770520565782684574e-01,0.000000000000000000e+00,1.000000000000000000e+00,2.105719157007619469e-01
3.642499999999999183e+00,8.810337152388105775e-01,6.240803985759162494e-16,1.000000000000000000e+00,2.105719157007619469e-01
3.647499999999998188e+00,8.850897239548075612e-01,1.618580451340100026e-15,1.000000000000000000e+00,2.105719157007619469e-01
3.652499999999998970e+00,8.892175478528435706e-01,1.679054297200061036e-15,1.000000000000000000e+00,2.105719157007619469e-01
3.657499999999999751e+00,8.934146071773465536e-01,1.343347681421675510e-15,1.000000000000000000e+00,2.105719157007619469e-01
3.662499999999998757e+00,8.976782789028581178e-01,-1.677146419827550114e-17,1.000000000000000000e+00,2.105719157007619469e-01
3.667499999999999538e+00,9.020058983733414415e-01,-1.200645975410510031e-15,1.000000000000000000e+00,2.105719157007619469e-01
3.672499999999998543e+00,9.063947609674938288e-01,-1.651745821724658427e-15,1.000000000000000000e+00,2.105719157007619469e-01
3.677499999999999325e+00,9.108421237890607092e-01,-1.193016710441645955e-15,1.000000000000000000e+00,2.105719157007619469e-01
3.682499999999998330e+00,9.153452073810440792e-01,-1.661919364135078197e-17,1.000000000000000000e+00,2.105719157007619469e-01
3.687499999999999112e+00,9.199011974627837596e-01,1.332060607866279048e-15,1.000000000000000000e+00,2.105719157007619469e-01
3.692499999999999893e+00,9.245072466887799267e-01,1.971921006875229380e-15,1.000000000000000000e+00,2.105719157007619469e-01
3.697499999999998899e+00,9.291604764281991002e-01,6.980727990397413237e-16,1.000000000000000000e+00,2.105719157007619469e-01
3.702499999999999680e+00,9.338579785639267161e-01,-1.109966325177057503e-15,1.000000000000000000e+00,2.105719157007619469e-01
3.707499999999998685e+00,9.385968173100339706e-01,-2.090552536942715087e-15,1.000000000000000000e+00,2.105719157007619469e-01
3.712499999999999467e+00,9.433740310465640322e-01,-1.682691172969350269e-15,1.000000000000000000e+00,2.105719157007619469e-01
3.717499999999998472e+00,9.481866341704336953e-01,-9.438201155226842475e-17,1.000000000000000000e+00,2.105719157007619469e-01
3.722499999999999254e+00,9.530316189613511346e-01,1.714565229198998765e-15,1.000000000000000000e+00,2.105719157007619469e-01
3.727499999999998259e+00,9.579059574615287342e-01,2.040537293691335684e-15,1.000000000000000000e+00,2.105719157007619469e-01
3.732499999999999041e+00,9.628066033680741098e-01,9.175738731238910896e-16,1.000000000000000000e+00,2.105719157007619469e-01
3.737499999999999822e+00,9.677304939368177594e-01,6.941211090911263559e-17,1.000000000000000000e+00,2.105719157007619469e-01
3.742499999999998828e+00,9.726745518964311499e-01,1.517358404125560034e-17,1.000000000000000000e+00,2.105719157007619469e-01
3.747499999999999609e+00,9.776356873716288698e-01,1.210460942540561383e-16,1.000000000000000000e+00,2.105719157007619469e-01
3.752499999999998614e+00,9.826107998142280531e-01,-2.650517244792211206e-16,1.000000000000000000e+00,2.105719157007619469e-01
3.757499999999999396e+00,9.875967799409026693e-01,-1.011732894463423562e-15,1.000000000000000000e+00,2.105719157007619469e-01
3.762499999999998401e+00,9.925905116763696912e-01,-7.140931238594210847e-16,1.000000000000000000e+00,2.105719157007619469e-01
3.767499999999999183e+00,9.975888741008512861e-01,4.924961526802005007e-16,1.000000000000000000e+00,2.105719157007619469e-01
3.772499999999998188e+00,1.002588743400532945e+00,9.881125049745124361e-16,1.000000000000000000e+00,2.105719157007619469e-01
3.777499999999998970e+00,1.007586994819858361e+00,4.851997681842531351e-16,1.000000000000000000e+00,2.105719157007619469e-01
3.782499999999999751e+00,1.012580504614388310e+00,0.000000000000000000e+00,1.000000000000000000e+00,2.105719157007619469e-01
3.787499999999998757e+00,1.017566152003045898e+00,-9.321805013360921393e-16,1.000000000000000000e+00,2.105719157007619469e-01
3.792499999999999538e+00,1.022540821118506527e+00,-1.989887376246067879e-15,1.000000000000000000e+00,2.105719157007619469e-01
3.797499999999998543e+00,1.027501402954501319e+00,-1.646254578041952611e-15,1.000000000000000000e+00,2.105719157007619469e-01
3.802499999999999325e+00,1.032444797308860407e+00,5.142520960123778676e-17,1.000000000000000000e+00,2.105719157007619469e-01
3.807499999999998330e+00,1.037367914721023743e+00,1.514772089371484716e-15,1.000000000000000000e+00,2.105719157007619469e-01
3.812499999999999112e+00,1.042267678402866604e+00,1.890185665690864310e-15,1.000000000000000000e+00,2.105719157007619469e-01
3.817499999999999893e+00,1.047141026161579447e+00,1.032417484117596146e-15,1.000000000000000000e+00,2.105719157007619469e-01
3.822499999999998899e+00,1.051984912313446374e+00,-5.287540854455181866e-16,1.000000000000000000e+00,2.105719157007619469e-01
3.827499999999999680e+00,1.056796309587301641e+00,-1.582750174729637745e-15,1.000000000000000000e+00,2.105719157007619469e-01
3.832499999999998685e+00,1.061572211016462264e+00,-1.571621899815340224e-15,1.000000000000000000e+00,2.105719157007619469e-01
3.837499999999999467e+00,1.066309631818000980e+00,-4.923719919329031675e-16,1.000000000000000000e+00,2.105719157007619469e-01
3.842499999999998472e+00,1.071005611258123880e+00,1.121374711678848510e-15,1.000000000000000000e+00,2.105719157007619469e-01
3.847499999999999254e+00,1.075657214502544923e+00,2.213565777059088843e-15,1.000000000000000000e+00,2.105719157007619469e-01
3.852499999999998259e+00,1.080261534450648542e+00,1.217251833550012987e-15,1.000000000000000000e+00,2.105719157007619469e-01
3.857499999999999041e+00,1.084815693552347415e+00,-1.239010185915800613e-15,1.000000000000000000e+00,2.105719157007619469e-01
3.862499999999999822e+00,1.089316845606446593e+00,-2.242563894679679862e-15,1.000000000000000000e+00,2.105719157007619469e-01
3.867499999999998828e+00,1.093762177539428837e+00,-1.246491634637986177e-15,1.000000000000000000e+00,2.105719157007619469e-01
3.872499999999999609e+00,1.098148911163540964e+00,0.000000000000000000e+00,1.000000000000000000e+00,2.105719157007619469e-01
3.877499999999998614e+00,1.102474304913059422e+00,1.463198316360493330e-16,1.000000000000000000e+00,2.105719157007619469e-01
3.882499999999999396e+00,1.106735655557691711e+00,-3.978599312036713900e-17,1.000000000000000000e+00,2.105719157007619469e-01
3.887499999999998401e+00,1.110930299891994100e+00,-1.055703292198153542e-16,1.000000000000000000e+00,2.105719157007619469e-01
3.892499999999999183e+00,1.115055616399802441e+00,8.137250401865858353e-17,1.000000000000000000e+00,2.105719157007619469e-01
3.897499999999998188e+00,1.119109026892581849e+00,3.339316113205569920e-16,1.000000000000000000e+00,2.105719157007619469e-01
3.902499999999998970e+00,1.123087998120721132e+00,-1.272940361432439040e-16,1.000000000000000000e+00,2.105719157007619469e-01
3.907499999999999751e+00,1.126990043356721705e+00,-2.852539344871233960e-16,1.000000000000000000e+00,2.105719157007619469e-01
3.912499999999998757e+00,1.130812723949327525e+00,0.000000000000000000e+00,1.000000000000000000e+00,2.105719157007619469e-01
3.917499999999999538e+00,1.134553650847604844e+00,0.000000000000000000e+00,1.000000000000000000e+00,2.105719157007619469e-01
3.922499999999998543e+00,1.138210486094010987e+00,0.000000000000000000e+00,1.000000000000000000e+00,2.105719157007619469e-01
3.927499999999999325e+00,1.141780944285555099e+00,5.184684801144777189e-16,1.000000000000000000e+00,2.105719157007619469e-01
3.932499999999998330e+00,1.145262794002088524e+00,1.041163337050154368e-15,1.000000000000000000e+00,2.105719157007619469e-01
3.937499999999999112e+00,1.148653859200880367e+00,1.245981405141440520e-15,1.000000000000000000e+00,2.105719157007619469e-01
3.942499999999999893e+00,1.151952020576563207e+00,9.861371755684087971e-16,1.000000000000000000e+00,2.105719157007619469e-01
3.947499999999998899e+00,1.155155216885636271e+00,2.794887716987341148e-16,1.000000000000000000e+00,2.105719157007619469e-01
3.952499999999999680e+00,1.158261446234677639e+00,-6.807758982484510513e-16,1.000000000000000000e+00,2.105719157007619469e-01
3.957499999999998685e+00,1.161268767331453677e+00,-1.519165054051806443e-15,1.000000000000000000e+00,2.105719157007619469e-01
3.962499999999999467e+00,1.164175300698173210e+00,-1.199151022391399081e-15,1.000000000000000000e+00,2.105719157007619469e-01
3.967499999999998472e+00,1.166979229846092370e+00,-6.218813587887576353e-16,1.000000000000000000e+00,2.105719157007619469e-01
3.972499999999999254e+00,1.169678802410767382e+00,0.000000000000000000e+00,1.000000000000000000e+00,2.105719157007619469e-01
3.977499999999998259e+00,1.172272331247218080e+00,1.123109862450179733e-15,1.000000000000000000e+00,2.105719157007619469e-01
3.982499999999999041e+00,1.174758195484346235e+00,1.657934085248678891e-15,1.000000000000000000e+00,2.105719157007619469e-01
3.987499999999999822e+00,1.177134841537922139e+00,1.198990516876024720e-15,1.000000000000000000e+00,2.105719157007619469e-01
3.992499999999998828e+00,1.179400784081523490e+00,-5.813409985323393026e-18,1.000000000000000000e+00,2.105719157007619469e-01
3.997499999999999609e+00,1.181554606974822397e+00,-1.038747269342732794e-15,1.000000000000000000e+00,2.105719157007619469e-01
4.002499999999998614e+00,1.183594964148618978e+00,-1.479497980623184978e-15,1.000000000000000000e+00,2.105719157007619469e-01
4.007499999999999396e+00,1.185520580446097538e+00,-1.180671278218226774e-15,1.000000000000000000e+00,2.105719157007619469e-01
4.012499999999998401e+00,1.187330252419752208e+00,-2.437322021456685465e-16,1.000000000000000000e+00,2.105719157007619469e-01
4.017499999999999183e+00,1.189022849083507749e+00,9.651095797970451150e-16,1.000000000000000000e+00,2.105719157007619469e-01
4.022499999999998188e+00,1.190597312619545267e+00,1.803427829191828763e-15,1.000000000000000000e+00,2.105719157007619469e-01
4.027499999999998970e+00,1.192052659039406270e+00,1.157437431743464049e-15,1.000000000000000000e+00,2.105719157007619469e-01
4.032499999999999751e+00,1.193387978798951643e+00,-1.657984433207873824e-18,1.000000000000000000e+00,2.105719157007619469e-01
4.037499999999998757e+00,1.194602437366797609e+00,-1.181484524204561765e-15,1.000000000000000000e+00,2.105719157007619469e-01
4.042499999999999538e+00,1.195695275745872532e+00,-1.761494675823532426e-15,1.000000000000000000e+00,2.105719157007619469e-01
4.047499999999998543e+00,1.196665810947762143e+00,-8.708103506927086019e-16,1.000000000000000000e+00,2.105719157007619469e-01
4.052499999999999325e+00,1.197513436419558097e+00,5.576243793549703309e-17,1.000000000000000000e+00,2.105719157007619469e-01
4.057499999999998330e+00,1.198237622422931636e+00,-1.489112341464981681e-16,1.000000000000000000e+00,2.105719157007619469e-01
4.062499999999999112e+00,1.198837916365204093e+00,1.710293498082284652e-16,1.000000000000000000e+00,2.105719157007619469e-01
4.067499999999999893e+00,1.199313943082201961e+00,8.316353106633881377e-16,1.000000000000000000e+00,2.105719157007619469e-01
4.072499999999998899e+00,1.199665405072722235e+00,1.452030243240374758e-15,1.000000000000000000e+00,2.105719157007619469e-01
4.077499999999999680e+00,1.199892082684461680e+00,1.440911898779072120e-15,1.000000000000000000e+00,2.105719157007619469e-01
4.082499999999998685e+00,1.199993834251291247e+00,0.000000000000000000e+00,1.000000000000000000e+00,2.105719157007619469e-01
4.087499999999999467e+00,1.199970596181794358e+00,-1.294482376070584483e-15,1.000000000000000000e+00,2.105719157007619469e-01
4.092499999999998472e+00,1.199822382999007564e+00,-9.591860281899184577e-16,1.000000000000000000e+00,2.105719157007619469e-01
4.097499999999999254e+00,1.199549287331345804e+00,6.765707574073813486e-16,1.000000000000000000e+00,2.105719157007619469e-01
4.102499999999998259e+00,1.199151479854711821e+00,1.484256735908977579e-15,1.000000000000000000e+00,2.105719157007619469e-01
4.107499999999999041e+00,1.198629209185829048e+00,9.407832092811529050e-17,1.000000000000000000e+00,2.105719157007619469e-01
4.112499999999999822e+00,1.197982801726864777e+00,-1.511204773940769751e-15,1.000000000000000000e+00,2.105719157007619469e-01
4.117499999999998828e+00,1.197212661461439787e+00,-1.825413628191442453e-15,1.000000000000000000e+00,2.105719157007619469e-01
4.122499999999999609e+00,1.196319269702150745e+00,-5.305579648308505303e-16,1.000000000000000000e+00,2.105719157007619469e-01
4.127499999999998614e+00,1.195303184789765938e+00,1.516752155353911648e-15,1.000000000000000000e+00,2.105719157007619469e-01
4.132499999999999396e+00,1.194165041744280398e+00,2.293807499062757662e-15,1.000000000000000000e+00,2.105719157007619469e-01
4.137499999999998401e+00,1.192905551868050029e+00,1.165044300519400327e-15,1.000000000000000000e+00,2.105719157007619469e-01
4.142499999999999183e+00,1.191525502301248540e+00,-1.100630131094264140e-15,1.000000000000000000e+00,2.105719157007619469e-01
4.147499999999998188e+00,1.190025755529933393e+00,-2.307513750842243531e-15,1.000000000000000000e+00,2.105719157007619469e-01
4.152499999999998970e+00,1.188407248847016762e+00,-1.462215814122166518e-15,1.000000000000000000e+00,2.105719157007619469e-01
4.157499999999999751e+00,1.186670993766491655e+00,-1.617357434311447822e-16,1.000000000000000000e+00,2.105719157007619469e-01
4.162499999999998757e+00,1.184818075391266046e+00,0.000000000000000000e+00,1.000000000000000000e+00,2.105719157007619469e-01
4.167499999999999538e+00,1.182849651735008445e+00,0.000000000000000000e+00,1.000000000000000000e+00,2.105719157007619469e-01
4.172499999999998543e+00,1.180766952998430153e+00,0.000000000000000000e+00,1.000000000000000000e+00,2.105719157007619469e-01
4.177499999999999325e+00,1.178571280800445598e+00,1.296350416103420746e-16,1.000000000000000000e+00,2.105719157007619469e-01
4.182499999999998330e+00,1.176264007364707709e+00,-1.298893242254485629e-16,1.000000000000000000e+00,2.105719157007619469e-01
4.187499999999999112e+00,1.173846574662006814e+00,0.000000000000000000e+00,1.000000000000000000e+00,2.105719157007619469e-01
4.192499999999998117e+00,1.171320493509093508e+00,0.000000000000000000e+00,1.000000000000000000e+00,2.105719157007619469e-01
4.197499999999998899e+00,1.168687342624459058e+00,4.764084455682787991e-16,1.000000000000000000e+00,2.105719157007619469e-01
4.202499999999999680e+00,1.165948767641693973e+00,1.136621195709818719e-15,1.000000000000000000e+00,2.105719157007619469e-01
4.207499999999998685e+00,1.163106480081019800e+00,9.573211658797476712e-16,1.000000000000000000e+00,2.105719157007619469e-01
4.212499999999999467e+00,1.160162256279638981e+00,7.746299940627648384e-16,1.000000000000000000e+00,2.105719157007619469e-01
4.217499999999998472e+00,1.157117936281591097e+00,6.756990546286054566e-16,1.000000000000000000e+00,2.105719157007619469e-01
4.222499999999999254e+00,1.153975422687775199e+00,-1.404704254727654355e-18,1.000000000000000000e+00,2.105719157007619469e-01
4.227499999999998259e+00,1.150736679466897394e+00,-3.408776305470192254e-17,1.000000000000000000e+00,2.105719157007619469e-01
4.232499999999999041e+00,1.147403730728042470e+00,3.524634252490772711e-17,1.000000000000000000e+00,2.105719157007619469e-01
4.237499999999999822e+00,1.143978659455680447e+00,-3.542448481669996454e-19,1.000000000000000000e+00,2.105719157007619469e-01
4.242499999999998828e+00,1.140463606207867908e+00,3.553366756460111142e-19,1.000000000000000000e+00,2.105719157007619469e-01
4.247499999999999609e+00,1.136860767778462122e+00,-4.884173267393481144e-16,1.000000000000000000e+00,2.105719157007619469e-01
4.252499999999998614e+00,1.133172395824206369e+00,-9.754088456524585899e-16,1.000000000000000000e+00,2.105719157007619469e-01
4.257499999999999396e+00,1.129400795457507378e+00,-1.174322306878194293e-15,1.000000000000000000e+00,2.105719157007619469e-01
4.262499999999998401e+00,1.125548323805826811e+00,-9.762776372164050876e-16,1.000000000000000000e+00,2.105719157007619469e-01
4.267499999999999183e+00,1.121617388538540760e+00,-4.398583393089690542e-16,1.000000000000000000e+00,2.105719157007619469e-01
4.272499999999998188e+00,1.117610446362236276e+00,2.122916980684885530e-16,1.000000000000000000e+00,2.105719157007619469e-01
4.277499999999998970e+00,1.113530001485338872e+00,5.821606409227716812e-16,1.000000000000000000e+00,2.105719157007619469e-01
4.282499999999999751e+00,1.109378604053074868e+00,7.339183481850574635e-17,1.000000000000000000e+00,2.105719157007619469e-01
4.287499999999998757e+00,1.105158848553706052e+00,-4.542380622619377928e-17,1.000000000000000000e+00,2.105719157007619469e-01
4.292499999999999538e+00,1.100873372197057609e+00,6.120503301732916345e-16,1.000000000000000000e+00,2.105719157007619469e-01
4.297499999999998543e+00,1.096524853266357846e+00,1.518587875060409271e-15,1.000000000000000000e+00,2.105719157007619469e-01
4.302499999999999325e+00,1.092116009444385138e+00,1.212109568720711731e-15,1.000000000000000000e+00,2.105719157007619469e-01
4.307499999999998330e+00,1.087649596115016326e+00,-1.117773264402457048e-18,1.000000000000000000e+00,2.105719157007619469e-01
4.312499999999999112e+00,1.083128404641191311e+00,7.482927135668872965e-19,1.000000000000000000e+00,2.105719157007619469e-01
4.317499999999998117e+00,1.078555260620413847e+00,0.000000000000000000e+00,1.000000000000000000e+00,2.105719157007619469e-01
4.322499999999998899e+00,1.073933022118831682e+00,-7.546998521856126832e-19,1.000000000000000000e+00,2.105719157007619469e-01
4.327499999999999680e+00,1.069264577885048029e+00,7.579948965048981579e-19,1.000000000000000000e+00,2.105719157007619469e-01
4.332499999999998685e+00,1.064552845544747717e+00,-2.801677662778603808e-16,1.000000000000000000e+00,2.105719157007619469e-01
4.337499999999999467e+00,1.059800769777266227e+00,-1.170559098927226031e-16,1.000000000000000000e+00,2.105719157007619469e-01
4.342499999999998472e+00,1.055011320475274683e+00,3.420860864473296780e-16,1.000000000000000000e+00,2.105719157007619469e-01
4.347499999999999254e+00,1.050187490888679465e+00,5.731252902046989934e-17,1.000000000000000000e+00,2.105719157007619469e-01
4.352499999999998259e+00,1.045332295753954588e+00,-1.490934414484218576e-16,1.000000000000000000e+00,2.105719157007619469e-01
4.357499999999999041e+00,1.040448769410011742e+00,-1.850688837357153773e-16,1.000000000000000000e+00,2.105719157007619469e-01
4.362499999999999822e+00,1.035539963901851435e+00,-5.493759295597800380e-17,1.000000000000000000e+00,2.105719157007619469e-01
4.367499999999998828e+00,1.030608947073130333e+00,1.474631397096183145e-16,1.000000000000000000e+00,2.105719157007619469e-01
4.372499999999999609e+00,1.025658800648851177e+00,2.481681675154273900e-16,1.000000000000000000e+00,2.105719157007619469e-01
4.377499999999998614e+00,1.020692618309398059e+00,0.000000000000000000e+00,1.000000000000000000e+00,2.105719157007619469e-01
4.382499999999999396e+00,1.015713503757073255e+00,-9.105957771804421272e-16,1.000000000000000000e+00,2.105719157007619469e-01
4.387499999999998401e+00,1.010724568776398824e+00,-1.203845404823889630e-15,1.000000000000000000e+00,2.105719157007619469e-01
4.392499999999999183e+00,1.005728931289337824e+00,-4.889660627013609414e-16,1.000000000000000000e+00,2.105719157007619469e-01
4.397499999999998188e+00,1.000729713406707022e+00,7.246869406791499829e-16,1.000000000000000000e+00,2.105719157007619469e-01
4.402499999999998970e+00,9.957300394769480478e-01,1.019566666816300690e-15,1.000000000000000000e+00,2.105719157007619469e-01
4.407499999999999751e+00,9.907330341335235380e-01,9.013517547792355232e-16,1.000000000000000000e+00,2.105719157007619469e-01
4.412499999999998757e+00,9.857418203421142167e-01,-1.233330690132996373e-18,1.000000000000000000e+00,2.105719157007619469e-01
4.417499999999999538e+00,9.807595174488651368e-01,-8.959268943998598055e-17,1.000000000000000000e+00,2.105719157007619469e-01
4.422499999999998543e+00,9.757892392309079899e-01,9.129494866319328676e-17,1.000000000000000000e+00,2.105719157007619469e-01
4.427499999999999325e+00,9.708340919503357647e-01,0.000000000000000000e+00,1.000000000000000000e+00,2.105719157007619469e-01
4.432499999999998330e+00,9.658971724129046255e-01,-8.817781474967251829e-16,1.000000000000000000e+00,2.105719157007619469e-01
4.437499999999999112e+00,9.609815660326184172e-01,-1.565946299722274429e-15,1.000000000000000000e+00,2.105719157007619469e-01
4.442499999999998117e+00,9.560903449034591217e-01,-1.561736572553794040e-15,1.000000000000000000e+00,2.105719157007619469e-01
4.447499999999998899e+00,9.512265658794127887e-01,-8.682705125573635121e-16,1.000000000000000000e+00,2.105719157007619469e-01
4.452499999999999680e+00,9.463932686640472713e-01,8.564062318347306994e-19,1.000000000000000000e+00,2.105719157007619469e-01
4.457499999999998685e+00,9.415934739107942875e-01,-8.607717826293222638e-19,1.000000000000000000e+00,2.105719157007619469e-01
4.462499999999999467e+00,9.368301813351312957e-01,0.000000000000000000e+00,1.000000000000000000e+00,2.105719157007619469e-01
4.467499999999998472e+00,9.321063678398688879e-01,2.873737986026325910e-17,1.000000000000000000e+00,2.105719157007619469e-01
4.472499999999999254e+00,9.274249856546713522e-01,-2.757155513247120944e-17,1.000000000000000000e+00,2.105719157007619469e-01
4.477499999999998259e+00,9.227889604910228805e-01,2.131529433547809428e-16,1.000000000000000000e+00,2.105719157007619469e-01
4.482499999999999041e+00,9.182011897137384304e-01,7.600549110477724481e-16,1.000000000000000000e+00,2.105719157007619469e-01
4.487499999999999822e+00,9.136645405302160627e-01,3.620259357063721165e-16,1.000000000000000000e+00,2.105719157007619469e-01
4.492499999999998828e+00,9.091818481985236566e-01,-5.614397499554812792e-16,1.000000000000000000e+00,2.105719157007619469e-01
4.497499999999999609e+00,9.047559142554475464e-01,-1.169758874530520580e-16,1.000000000000000000e+00,2.105719157007619469e-01
4.502499999999998614e+00,9.003895047656340633e-01,1.582772458421583825e-15,1.000000000000000000e+00,2.105719157007619469e-01
4.507499999999999396e+00,8.960853485928788054e-01,2.353110600226836540e-15,1.000000000000000000e+00,2.105719157007619469e-01
4.512499999999998401e+00,8.918461356946867369e-01,8.734279213458074080e-16,1.000000000000000000e+00,2.105719157007619469e-01
4.517499999999999183e+00,8.876745154411240790e-01,-2.781435988244504857e-16,1.000000000000000000e+00,2.105719157007619469e-01
4.522499999999998188e+00,8.835730949590595573e-01,-5.332235296905546867e-16,1.000000000000000000e+00,2.105719157007619469e-01
4.527499999999998970e+00,8.795444375027844375e-01,1.876493214256109404e-16,1.000000000000000000e+00,2.105719157007619469e-01
4.532499999999999751e+00,8.755910608520729443e-01,3.491250798387591123e-16,1.000000000000000000e+00,2.105719157007619469e-01
4.537499999999998757e+00,8.717154357386441843e-01,-1.968763907065007851e-16,1.000000000000000000e+00,2.105719157007619469e-01
4.542499999999999538e+00,8.679199843020343197e-01,-1.776936994612921471e-16,1.000000000000000000e+00,2.105719157007619469e-01
4.547499999999998543e+00,8.642070785758472207e-01,2.568671917924041763e-16,1.000000000000000000e+00,2.105719157007619469e-01
4.552499999999999325e+00,8.605790390052987515e-01,-1.766065728909236887e-17,1.000000000000000000e+00,2.105719157007619469e-01
4.557499999999998330e+00,8.570381329970246931e-01,-4.756983034951704690e-17,1.000000000000000000e+00,2.105719157007619469e-01
4.562499999999999112e+00,8.535865735020163880e-01,1.877143569801236059e-16,1.000000000000000000e+00,2.105719157007619469e-01
4.567499999999998117e+00,8.502265176326080365e-01,-2.229585597438370351e-16,1.000000000000000000e+00,2.105719157007619469e-01
4.572499999999998899e+00,8.469600653143410929e-01,7.905397471113854681e-17,1.000000000000000000e+00,2.105719157007619469e-01
4.577499999999999680e+00,8.437892579735872811e-01,1.448281908561347010e-16,1.000000000000000000e+00,2.105719157007619469e-01
4.582499999999998685e+00,8.407160772617221500e-01,-2.341217290806303708e-16,1.000000000000000000e+00,2.105719157007619469e-01
4.587499999999999467e+00,8.377424438166520826e-01,-1.205605342330659599e-16,1.000000000000000000e+00,2.105719157007619469e-01
4.592499999999998472e+00,8.348702160624859037e-01,3.567363795241175049e-16,1.000000000000000000e+00,2.105719157007619469e-01
4.597499999999999254e+00,8.321011890480730644e-01,0.000000000000000000e+00,1.000000000000000000e+00,2.105719157007619469e-01
4.602499999999998259e+00,8.294370933251640210e-01,-3.649036566625667154e-16,1.000000000000000000e+00,2.105719157007619469e-01
4.607499999999999041e+00,8.268795938668638268e-01,-1.059122162350065272e-16,1.000000000000000000e+00,2.105719157007619469e-01
4.612499999999998046e+00,8.244302890270850392e-01,4.733466053659801940e-16,1.000000000000000000e+00,2.105719157007619469e-01
4.617499999999998828e+00,8.220907095416224442e-01,1.422806972141429037e-16,1.000000000000000000e+00,2.105719157007619469e-01
4.622499999999999609e+00,8.198623175714992994e-01,-1.426674172235643349e-16,1.000000000000000000e+00,2.105719157007619469e-01
4.627499999999998614e+00,8.177465057891599720e-01,-1.354624562469473181e-16,1.000000000000000000e+00,2.105719157007619469e-01
4.632499999999999396e+00,8.157445965080941663e-01,-5.125981729841494973e-16,1.000000000000000000e+00,2.105719157007619469e-01
4.637499999999998401e+00,8.138578408564393074e-01,-1.331163205432286245e-15,1.000000000000000000e+00,2.105719157007619469e-01
4.642499999999999183e+00,8.120874179950597904e-01,-2.010928094576808140e-15,1.000000000000000000e+00,2.105719157007619469e-01
4.647499999999998188e+00,8.104344343806152429e-01,-1.305299931148244578e-15,1.000000000000000000e+00,2.105719157007619469e-01
4.652499999999998970e+00,8.088999230740566704e-01,-4.428775594485053253e-16,1.000000000000000000e+00,2.105719157007619469e-01
4.657499999999999751e+00,8.074848430950010147e-01,-1.756316742125701874e-17,1.000000000000000000e+00,2.105719157007619469e-01
4.662499999999998757e+00,8.061900788223723691e-01,0.000000000000000000e+00,1.000000000000000000e+00,2.105719157007619469e-01
4.667499999999999538e+00,8.050164394416940983e-01,0.000000000000000000e+00,1.000000000000000000e+00,2.105719157007619469e-01
4.672499999999998543e+00,8.039646584393762563e-01,0.000000000000000000e+00,1.000000000000000000e+00,2.105719157007619469e-01
4.677499999999999325e+00,8.030353931443077187e-01,0.000000000000000000e+00,1.000000000000000000e+00,2.105719157007619469e-01
4.682499999999998330e+00,8.022292243170494608e-01,0.000000000000000000e+00,1.000000000000000000e+00,2.105719157007619469e-01
4.687499999999999112e+00,8.015466557868761166e-01,2.646301039141528370e-16,1.000000000000000000e+00,2.105719157007619469e-01
4.692499999999998117e+00,8.009881141369010749e-01,4.986452406651186022e-16,1.000000000000000000e+00,2.105719157007619469e-01
4.697499999999998899e+00,8.005539484374737391e-01,5.349765862691205005e-16,1.000000000000000000e+00,2.105719157007619469e-01
4.702499999999999680e+00,8.002444300280237011e-01,3.304126662317038918e-16,1.000000000000000000e+00,2.105719157007619469e-01
4.707499999999998685e+00,8.000597523474818340e-01,-5.918942867713681139e-17,1.000000000000000000e+00,2.105719157007619469e-01
4.712499999999999467e+00,8.000000308133866644e-01,-4.841897197346055333e-16,1.000000000000000000e+00,2.105719157007619469e-01
4.717499999999998472e+00,8.000653027497530712e-01,-7.032119233218911927e-16,1.000000000000000000e+00,2.105719157007619469e-01
4.722499999999999254e+00,8.002555273637457223e-01,-3.834880969876853714e-16,1.000000000000000000e+00,2.105719157007619469e-01
4.727499999999998259e+00,8.005705857711724605e-01,8.874413588912623398e-16,1.000000000000000000e+00,2.105719157007619469e-01
4.732499999999999041e+00,8.010102810707848686e-01,2.304609895988437005e-15,1.000000000000000000e+00,2.105719157007619469e-01
4.737499999999998046e+00,8.015743384673328364e-01,1.964966779439652226e-15,1.000000000000000000e+00,2.105719157007619469e-01
4.742499999999998828e+00,8.022624054433047380e-01,-3.537152196807071480e-17,1.000000000000000000e+00,2.105719157007619469e-01
4.747499999999999609e+00,8.030740519792380905e-01,-1.613548420572213518e-15,1.000000000000000000e+00,2.105719157007619469e-01
4.752499999999998614e+00,8.040087708224679108e-01,-1.860784107210718677e-15,1.000000000000000000e+00,2.105719157007619469e-01
4.757499999999999396e+00,8.050659778041440173e-01,-1.039133001234861205e-15,1.000000000000000000e+00,2.105719157007619469e-01
4.762499999999998401e+00,8.062450122043158807e-01,-5.887901682976096862e-16,1.000000000000000000e+00,2.105719157007619469e-01
4.767499999999999183e+00,8.075451371648632026e-01,0.000000000000000000e+00,1.000000000000000000e+00,2.105719157007619469e-01
4.772499999999998188e+00,8.089655401500058796e-01,0.000000000000000000e+00,1.000000000000000000e+00,2.105719157007619469e-01
4.777499999999998970e+00,8.105053334541152399e-01,0.000000000000000000e+00,1.000000000000000000e+00,2.105719157007619469e-01
4.782499999999999751e+00,8.121635547564980406e-01,0.000000000000000000e+00,1.000000000000000000e+00,2.105719157007619469e-01
4.787499999999998757e+00,8.139391677228172695e-01,1.224767667571042059e-16,1.000000000000000000e+00,2.105719157007619469e-01
4.792499999999999538e+00,8.158310626527689458e-01,8.343481713760597981e-17,1.000000000000000000e+00,2.105719157007619469e-01
4.797499999999998543e+00,8.178380571736041382e-01,-9.756008622622853788e-17,1.000000000000000000e+00,2.105719157007619469e-01
4.802499999999999325e+00,8.199588969790791992e-01,-1.072846481383664012e-16,1.000000000000000000e+00,2.105719157007619469e-01
4.807499999999998330e+00,8.221922566133508248e-01,6.512032972241294338e-16,1.000000000000000000e+00,2.105719157007619469e-01
4.812499999999999112e+00,8.245367402993482031e-01,1.736647960307746965e-15,1.000000000000000000e+00,2.105719157007619469e-01
4.817499999999998117e+00,8.269908828110816845e-01,2.283129796757224864e-15,1.000000000000000000e+00,2.105719157007619469e-01
4.822499999999998899e+00,8.295531503893691649e-01,9.881930424663091654e-16,1.000000000000000000e+00,2.105719157007619469e-01
4.827499999999999680e+00,8.322219417003793307e-01,-8.016064910056876716e-16,1.000000000000000000e+00,2.105719157007619469e-01
4.832499999999998685e+00,8.349955888364138934e-01,-2.181569202916645775e-15,1.000000000000000000e+00,2.105719157007619469e-01
4.837499999999999467e+00,8.378723583583010948e-01,-1.783003226399255237e-15,1.000000000000000000e+00,2.105719157007619469e-01
4.842499999999998472e+00,8.408504523787310170e-01,-8.236735113095291104e-16,1.000000000000000000e+00,2.105719157007619469e-01
4.847499999999999254e+00,8.439280096858839952e-01,0.000000000000000000e+00,1.000000000000000000e+00,2.105719157007619469e-01
4.852499999999998259e+00,8.471031069066194963e-01,4.799475338442459907e-16,1.000000000000000000e+00,2.105719157007619469e-01
4.857499999999999041e+00,8.503737597085304634e-01,1.850312269098788164e-16,1.000000000000000000e+00,2.105719157007619469e-01
4.862499999999998046e+00,8.537379240400783109e-01,-4.592675067013502394e-16,1.000000000000000000e+00,2.105719157007619469e-01
4.867499999999998828e+00,8.571934974080664960e-01,-1.999681651622095072e-16,1.000000000000000000e+00,2.105719157007619469e-01
4.872499999999999609e+00,8.607383201916217752e-01,-4.708150398543275294e-19,1.000000000000000000e+00,2.105719157007619469e-01
4.877499999999998614e+00,8.643701769918930022e-01,0.000000000000000000e+00,1.000000000000000000e+00,2.105719157007619469e-01
4.882499999999999396e+00,8.680867980166043774e-01,5.606257273828615813e-17,1.000000000000000000e+00,2.105719157007619469e-01
4.887499999999998401e+00,8.718858604985938454e-01,8.396079772326553785e-17,1.000000000000000000e+00,2.105719157007619469e-01
4.892499999999999183e+00,8.757649901474774401e-01,7.040604846862969946e-17,1.000000000000000000e+00,2.105719157007619469e-01
4.897499999999998188e+00,8.797217626334935536e-01,2.569971361812372768e-17,1.000000000000000000e+00,2.105719157007619469e-01
4.902499999999998970e+00,8.837537051026398416e-01,-2.819520526249461395e-17,1.000000000000000000e+00,2.105719157007619469e-01
4.907499999999999751e+00,8.878582977221162187e-01,-7.032511425242563932e-17,1.000000000000000000e+00,2.105719157007619469e-01
4.912499999999998757e+00,8.920329752551451330e-01,-8.075861754718567289e-17,1.000000000000000000e+00,2.105719157007619469e-01
4.917499999999999538e+00,8.962751286641629234e-01,-5.215302378438438698e-17,1.000000000000000000e+00,2.105719157007619469e-01
4.922499999999998543e+00,9.005821067413735115e-01,0.000000000000000000e+00,1.000000000000000000e+00,2.105719157007619469e-01
4.927499999999999325e+00,9.049512177656797718e-01,0.000000000000000000e+00,1.000000000000000000e+00,2.105719157007619469e-01
4.932499999999998330e+00,9.093797311849098897e-01,0.000000000000000000e+00,1.000000000000000000e+00,2.105719157007619469e-01
4.937499999999999112e+00,9.138648793223342892e-01,4.958361525284280590e-17,1.000000000000000000e+00,2.105719157007619469e-01
4.942499999999998117e+00,9.184038591063610202e-01,-8.652624845691968942e-18,1.000000000000000000e+00,2.105719157007619469e-01
4.947499999999998899e+00,9.229938338223785399e-01,3.196167304150421574e-16,1.000000000000000000e+00,2.105719157007619469e-01
4.952499999999999680e+00,9.276319348855988078e-01,1.109446961495854681e-15,1.000000000000000000e+00,2.105719157007619469e-01
4.957499999999998685e+00,9.323152636338314370e-01,1.808163418375606374e-15,1.000000000000000000e+00,2.105719157007619469e-01
4.962499999999999467e+00,9.370408931390609153e-01,1.240120393792868725e-15,1.000000000000000000e+00,2.105719157007619469e-01
4.967499999999998472e+00,9.418058700366698233e-01,4.950968123292307248e-16,1.000000000000000000e+00,2.105719157007619469e-01
4.972499999999999254e+00,9.466072163712070386e-01,8.562081972834895066e-19,1.000000000000000000e+00,2.105719157007619469e-01
4.977499999999998259e+00,9.514419314575001119e-01,-4.482580884433486244e-16,1.000000000000000000e+00,2.105719157007619469e-01
4.982499999999999041e+00,9.563069937560002565e-01,-8.031948441547311589e-16,1.000000000000000000e+00,2.105719157007619469e-01
4.987499999999998046e+00,9.611993627611328250e-01,-1.061174681395129492e-15,1.000000000000000000e+00,2.105719157007619469e-01
4.992499999999998828e+00,9.661159809015263944e-01,-1.229185500562707089e-15,1.000000000000000000e+00,2.105719157007619469e-01
4.997499999999999609e+00,9.710537754508834496e-01,-1.312303949263370092e-15,1.000000000000000000e+00,2.105719157007619469e-01
